代码,名称,最新价,买入,卖出,昨收,今开,最高,最低,成交量,成交额,涨跌幅,涨跌额,现价,半年线,半年线乖离率,价格达标,价格数据日期,市盈率,市净率,市盈率10年分位,市净率10年分位,估值分位达标,估值数据日期,总市值_估值源,价格错误,估值错误,价格估值错误,数据状态,总市值,股息率,股息率达标,股息数据日期,股息错误,所属行业,行业错误,振幅,换手率,市盈率-动态,量比,流通市值,市净率_x,60日涨跌幅,年初至今涨跌幅,市盈率TTM,市净率_y
000028,国药一致,20.49,20.48,20.49,20.22,20.24,20.7,20.24,3785255.0,77582110.0,1.335,0.27,20.49,24.395083333333336,-16.00766547904121,True,2026-07-13,11.45311168831169,0.6812259740259741,35.46341463414634,1.2682926829268293,True,2026-07-13,12544420256.16,,,,正常,12544420256.16,3.0063445583211323,True,2026-06-24,,医药流通,,,,,,,,,,,
000030,富奥股份,3.92,3.91,3.92,3.98,3.97,3.98,3.89,9902448.0,38914788.0,-1.508,-0.06,3.92,4.965833333333334,-21.060580634334634,True,2026-07-13,10.156363636363634,0.8117171717171716,12.54237288135593,0.09685230024213075,True,2026-07-13,6741658512.202021,,,,正常,6741658512.202021,3.826530612244898,True,2026-06-26,,底盘与发动机系统,,,,,,,,,,,
000157,中联重科,6.99,6.99,7.0,7.26,7.23,7.24,6.97,64218566.0,452969680.0,-3.719,-0.27,6.99,8.292166666666667,-15.703575663779068,True,2026-07-13,13.95004285714286,1.0385142857142862,31.186440677966104,34.866828087167065,False,2026-07-13,60453261299.640015,,,,正常,60453261299.640015,7.153075822603719,True,2026-01-09,,工程机械整机,,,,,,,,,,,
000408,藏格矿业,67.35,67.35,67.36,69.3,68.77,68.9,66.87,11674194.0,789552288.0,-2.814,-1.95,67.35,80.94808333333332,-16.798524156944204,True,2026-07-13,22.584726288056206,6.910472775175643,50.10449320794148,92.13759213759214,False,2026-07-13,105666408681.624,,,,正常,105666408681.624,3.711952487008167,True,2026-04-17,,钾肥,,,,,,,,,,,
000411,英特集团,9.29,9.28,9.29,9.31,9.26,9.5,9.26,5020022.0,47002783.0,-0.215,-0.02,9.29,11.274416666666665,-17.601058443526274,True,2026-07-13,10.918247311827958,0.9689569892473113,7.18124084025403,0.24425989252564728,True,2026-07-13,5247448566.539786,,,,正常,5247448566.539786,3.8105489773950487,True,2026-07-10,,医药流通,,,,,,,,,,,
000419,通程控股,4.65,4.65,4.66,4.68,4.68,4.7,4.61,7790300.0,36239694.0,-0.641,-0.03,4.65,5.71225,-18.595999824937625,True,2026-07-13,17.7318669527897,0.738412017167382,43.050847457627114,7.457627118644068,True,2026-07-13,2527659345.450644,,,,正常,2527659345.450644,3.225806451612903,True,2025-08-08,,多业态零售,,,,,,,,,,,
000498,山东路桥,4.91,4.91,4.92,4.87,4.85,4.93,4.82,7914500.0,38776734.0,0.821,0.04,4.91,5.6602500000000004,-13.254714897751875,True,2026-07-13,3.550619834710743,0.4666528925619834,4.796511627906977,0.6298449612403101,True,2026-07-13,7622490337.677687,,,,正常,7622490337.677687,7.9837046843177175,True,2026-07-06,,基建市政工程,,,,,,,,,,,
000521,长虹美菱,5.37,5.37,5.38,5.48,5.42,5.55,5.35,16808236.0,91171217.0,-2.007,-0.11,5.37,5.987833333333333,-10.318145127619882,True,2026-07-13,18.49366834170854,0.935477386934673,40.65671641791045,55.878084179970976,False,2026-07-13,5530690349.954775,,,,正常,5530690349.954775,3.910614525139665,True,2026-06-23,,冰洗,,,,,,,,,,,
000528,柳 工,7.74,7.74,7.75,7.9,7.83,7.88,7.72,26119113.0,202901383.0,-2.025,-0.16,7.74,9.781083333333333,-20.867661216804546,True,2026-07-13,10.116139896373056,0.8622279792746114,15.820029027576195,19.787131107885823,True,2026-07-13,15768332724.800518,,,,正常,15768332724.800518,4.198718346253229,True,2026-06-04,,工程机械整机,,,,,,,,,,,
000544,中原环保,7.11,7.11,7.12,7.07,7.02,7.14,7.0,5331062.0,37776134.0,0.566,0.04,7.11,8.244583333333333,-13.761560620609481,True,2026-07-13,6.510842696629214,0.7589325842696629,0.293398533007335,3.2273838630806844,True,2026-07-13,6930006710.11938,,,,正常,6930006710.11938,3.79746835443038,True,2026-06-18,,水务及水治理,,,,,,,,,,,
000563,陕国投Ａ,2.9,2.89,2.9,2.87,2.86,2.9,2.85,48153822.0,138719148.0,1.045,0.03,2.9,3.24125,-10.528345545699969,True,2026-07-13,11.103146853146855,0.801048951048951,0.8716707021791767,1.3075060532687652,True,2026-07-13,14830514038.321678,,,,正常,14830514038.321678,3.103448275862069,True,2026-04-28,,信托,,,,,,,,,,,
000568,泸州老窖,76.75,76.75,76.76,78.18,77.18,77.48,76.06,11485515.0,880177410.0,-1.829,-1.43,76.75,99.24208333333334,-22.663856478896307,True,2026-07-13,11.357976404206205,2.184983329058733,0.7256894049346879,0.29027576197387517,True,2026-07-13,112968437285.50589,,,,正常,112968437285.50589,7.752442996742672,True,2026-01-30,,白酒Ⅲ,,,,,,,,,,,
000600,建投能源,7.73,7.73,7.74,8.03,8.0,8.04,7.69,25148700.0,196751904.0,-3.736,-0.3,7.73,9.37275,-17.526873116214546,True,2026-07-13,6.850352467270898,1.1131822759315206,0.06305170239596469,75.70370370370371,True,2026-07-13,13939001726.729107,,,,正常,13939001726.729107,4.139715394566624,True,2026-06-03,,火电,,,,,,,,,,,
000612,焦作万方,10.32,10.32,10.33,10.01,10.6,10.62,10.32,53746581.0,562866731.0,3.097,0.31,10.32,12.335000000000003,-16.33563032022701,True,2026-07-13,8.660208136234626,1.679318826868495,1.2589928057553956,72.94921875,True,2026-07-13,12303497746.490065,,,,正常,12303497746.490065,3.14922480620155,True,2026-05-26,,铝,,,,,,,,,,,
000625,长安汽车,6.89,6.89,6.9,7.11,7.05,7.06,6.88,81034191.0,562101576.0,-3.094,-0.22,6.89,9.551333333333334,-27.86347455852587,True,2026-07-13,22.222406119610575,0.8816133518776081,56.99396599012616,13.304305757135944,True,2026-07-13,68299919225.605,,,,正常,68299919225.605,5.007256894049347,True,2025-11-28,,综合乘用车,,,,,,,,,,,
000655,金岭矿业,6.18,6.17,6.18,6.3,6.29,6.32,6.15,4844100.0,30078794.0,-1.905,-0.12,6.18,8.651916666666667,-28.570740587345778,True,2026-07-13,14.474463452566097,1.0668429237947124,9.466746554823247,14.804063860667634,True,2026-07-13,3679202621.4961123,,,,正常,3679202621.4961123,5.436893203883495,True,2026-06-25,,铁矿石,,,,,,,,,,,
000683,博源化工,5.34,5.34,5.35,5.5,5.48,5.52,5.31,97863840.0,524051949.0,-2.909,-0.16,5.34,7.972333333333334,-33.01835514487605,True,2026-07-13,19.397435897435898,1.6704615384615393,77.81856318825379,57.81021897810219,False,2026-07-13,19847880530.399998,,,,正常,19847880530.399998,5.617977528089887,True,2026-07-07,,纯碱,,,,,,,,,,,
000708,中信特钢,12.94,12.94,12.95,12.8,12.81,13.05,12.7,14370317.0,185723189.0,1.094,0.14,12.94,14.976249999999999,-13.596527835739913,True,2026-07-13,10.779952978056432,1.5414420062695928,12.087378640776699,28.349514563106798,True,2026-07-13,65310232646.03606,,,,正常,65310232646.03606,4.990690880989181,True,2026-05-21,,特钢Ⅲ,,,,,,,,,,,
000718,苏宁环球,1.8,1.8,1.81,1.82,1.8,1.83,1.78,23803874.0,42881837.0,-1.099,-0.02,1.8,2.1265833333333335,-15.35718484266625,True,2026-07-13,293.7498711488374,0.5931818181818183,98.39958699019101,4.067796610169491,True,2026-07-13,5462345491.363636,,,,正常,5462345491.363636,3.8888888888888884,True,2025-12-11,,房地产开发,,,,,,,,,,,
000719,中原传媒,11.41,11.41,11.42,11.35,11.33,11.64,11.29,5278710.0,60710254.0,0.529,0.06,11.41,12.957583333333332,-11.943456534461793,True,2026-07-13,8.476000000000003,0.9990322580645163,29.99016715830875,59.587020648967545,True,2026-07-13,11674754776.458067,,,,正常,11674754776.458067,5.784399649430323,True,2026-07-01,,大众出版,,,,,,,,,,,
000726,鲁 泰Ａ,5.56,5.56,5.58,5.56,5.55,5.61,5.52,4071300.0,22686368.0,0.0,0.0,5.56,6.708333333333333,-17.118012422360252,True,2026-07-13,8.434153297682707,0.4658110516934043,12.154963680387409,0.4358353510895884,True,2026-07-13,4545442374.652406,,,,正常,4545442374.652406,4.496402877697842,True,2026-06-18,,棉纺,,,,,,,,,,,
000786,北新建材,17.47,17.47,17.48,17.27,17.12,17.55,17.08,30030953.0,520892153.0,1.158,0.2,17.47,24.582583333333332,-28.93342508754504,True,2026-07-13,10.366813186813188,1.113472527472527,5.88235294117647,0.19445794846864364,True,2026-07-13,29738063653.35605,,,,正常,29738063653.35605,3.921007441327991,True,2026-06-12,,其他建材,,,,,,,,,,,
000788,北大医药,5.23,5.22,5.23,5.23,5.2,5.28,5.15,16214500.0,84604343.0,0.0,0.0,5.23,5.8854999999999995,-11.137541415342778,True,2026-07-13,48.5205078125,2.0940429687500006,24.031007751937985,3.875968992248062,True,2026-07-13,3117014232.7500005,,,,正常,3117014232.7500005,3.7858508604206498,True,2026-03-10,,化学制剂,,,,,,,,,,,
000789,万年青,3.84,3.84,3.85,3.87,3.87,3.89,3.82,3745667.0,14404810.0,-0.775,-0.03,3.84,4.9910000000000005,-23.06151071929474,True,2026-07-13,105.52654895904948,0.48620155038759677,91.53522607781282,0.1937046004842615,True,2026-07-13,3062093625.5503883,,,,正常,3062093625.5503883,3.90625,True,2026-06-12,,水泥制造,,,,,,,,,,,
000795,英洛华,8.09,8.09,8.1,8.62,8.55,8.58,8.08,28023041.0,230142757.0,-6.148,-0.53,8.09,9.522250000000001,-15.041087978156442,True,2026-07-13,36.056586134453774,3.5011344537815132,6.760700389105058,75.58365758754863,True,2026-07-13,9030468276.022058,,,,正常,9030468276.022058,3.2509270704573554,True,2026-06-03,,磁性材料,,,,,,,,,,,
000807,云铝股份,23.06,23.05,23.06,23.15,22.75,23.27,22.55,92432132.0,2113814277.0,-0.389,-0.09,23.06,30.378666666666668,-24.09146769662922,True,2026-07-13,9.21342201834862,2.3271559633027525,6.862202545655784,78.42850170815032,True,2026-07-13,79971097759.30002,,,,正常,79971097759.30002,3.0312228967909807,True,2026-06-10,,铝,,,,,,,,,,,
000858,五 粮 液,72.82,72.81,72.82,73.69,73.06,73.45,72.15,30602266.0,2224717873.0,-1.181,-0.87,72.82,94.05850000000001,-22.580096429349837,True,2026-07-13,22.436221148684908,2.20844337090714,30.237058538945334,0.1935171746492501,True,2026-07-13,282658694924.4909,,,,正常,282658694924.4909,7.892062620159297,True,2025-12-18,,白酒Ⅲ,,,,,,,,,,,
000888,峨眉山Ａ,9.09,9.09,9.1,9.25,9.22,9.26,9.08,6026703.0,54979975.0,-1.73,-0.16,9.09,11.876083333333334,-23.45961421063342,True,2026-07-13,21.733909691629954,1.7619383259911894,26.247798003523194,50.2177068214804,True,2026-07-13,4789640097.019823,,,,正常,4789640097.019823,3.63036303630363,True,2025-12-26,,自然景区,,,,,,,,,,,
000897,津滨发展,1.65,1.65,1.66,1.69,1.68,1.71,1.64,24967210.0,41460080.0,-2.367,-0.04,1.65,2.066416666666667,-20.15163124571523,True,2026-07-13,17.18222952725118,0.8884615384615385,66.973079448457,0.09704027171276079,True,2026-07-13,2668499185.650889,,,,正常,2668499185.650889,5.757575757575758,True,2025-07-28,,房地产开发,,,,,,,,,,,
000899,赣能股份,9.51,9.51,9.52,9.64,9.57,9.76,9.5,9297600.0,88974891.0,-1.349,-0.13,9.51,11.930333333333332,-20.287223044899548,True,2026-07-13,9.140219341974078,1.5170488534396804,0.058173356602675974,65.22593320235757,True,2026-07-13,9278695497.78964,,,,正常,9278695497.78964,5.962145110410094,True,2026-06-15,,火电,,,,,,,,,,,
000910,大亚圣象,5.25,5.21,5.25,5.37,5.35,5.39,5.2,4657513.0,24530984.0,-2.235,-0.12,5.25,6.825500000000001,-23.082558054354998,True,2026-07-13,215.47789929000015,0.444230769230769,97.13592233009709,0.1935171746492501,True,2026-07-13,2873836875.0,,,,正常,2873836875.0,3.619047619047619,True,2026-05-15,,瓷砖地板,,,,,,,,,,,
000913,钱江摩托,10.38,10.37,10.38,10.35,10.35,10.47,10.25,5267800.0,54598377.0,0.29,0.03,10.38,13.75575,-24.540646638678364,True,2026-07-13,6.421440922190204,1.08685878962536,0.3386550556361877,0.43541364296081275,True,2026-07-13,5464146179.999999,,,,正常,5464146179.999999,10.597302504816957,True,2026-05-27,,摩托车,,,,,,,,,,,
000915,华特达因,24.5,24.5,24.55,24.52,24.49,24.81,24.31,2164200.0,53259947.0,-0.082,-0.02,24.5,29.90158333333334,-18.06453950320358,True,2026-07-13,12.392552366175332,2.29034134988363,6.098741529525654,14.181994191674734,True,2026-07-13,5741121382.214895,,,,正常,5741121382.214895,10.204081632653061,True,2026-07-01,,化学制剂,,,,,,,,,,,
000923,河钢资源,13.05,13.04,13.05,13.15,13.08,13.42,12.86,27249302.0,356591400.0,-0.76,-0.1,13.05,18.604583333333334,-29.85599426664576,True,2026-07-13,18.356724683544304,0.8775712025316453,51.23367198838898,4.78955007256894,True,2026-07-13,8518112941.008698,,,,正常,8518112941.008698,4.597701149425286,True,2026-06-15,,铁矿石,,,,,,,,,,,
000928,中钢国际,4.82,4.82,4.84,4.89,4.87,4.92,4.78,17418367.0,84195522.0,-1.431,-0.07,4.82,6.400833333333334,-24.69730503840646,True,2026-07-13,15.77804391217565,0.837005988023952,79.6692607003891,0.09727626459143969,True,2026-07-13,6914987073.017964,,,,正常,6914987073.017964,4.356846473029046,True,2026-06-05,,国际工程承包,,,,,,,,,,,
000932,华菱钢铁,3.53,3.53,3.54,3.5,3.48,3.55,3.46,95675747.0,335937540.0,0.857,0.03,3.53,4.949083333333333,-28.67366010540673,True,2026-07-13,10.768985915492951,0.43752112676056326,81.18045476536042,0.3386550556361877,True,2026-07-13,24189710334.799995,,,,正常,24189710334.799995,4.53257790368272,True,2026-06-26,,板材,,,,,,,,,,,
000933,神火股份,23.13,23.12,23.13,23.49,23.03,23.56,22.5,98052459.0,2258612751.0,-1.533,-0.36,23.13,29.658083333333334,-22.01114367359096,True,2026-07-13,9.313358597820937,2.070852676456655,53.494771601541004,51.3671875,False,2026-07-13,52019471748.99055,,,,正常,52019471748.99055,3.4587116299178557,True,2026-05-29,,铝,,,,,,,,,,,
000963,华东医药,29.16,29.16,29.17,29.38,29.16,29.47,28.85,18454429.0,536666992.0,-0.749,-0.22,29.16,33.22825,-12.243347151896355,True,2026-07-13,14.604653364896851,2.070882651335814,6.821480406386067,1.6932752781809386,True,2026-07-13,51138966487.32499,,,,正常,51138966487.32499,3.189300411522634,True,2026-06-10,,化学制剂,,,,,,,,,,,
001207,联科科技,14.81,14.81,14.85,15.49,15.39,15.4,14.6,5923815.0,88443870.0,-4.39,-0.68,14.81,18.873333333333335,-21.529494878134937,True,2026-07-13,16.338711374095986,1.8500328731097964,23.6734693877551,15.918367346938775,True,2026-07-13,4489469988.406311,,,,正常,4489469988.406311,5.401755570560432,True,2026-04-08,,炭黑,,,,,,,,,,,
001299,美能能源,9.67,9.67,9.68,9.97,9.99,10.12,9.52,4002693.0,39056583.0,-3.009,-0.3,9.67,10.752999999999998,-10.071607923370207,True,2026-07-13,29.30592300098717,2.7110365251727537,31.438127090301005,80.82497212931996,False,2026-07-13,3038460857.9940777,,,,正常,3038460857.9940777,6.721820062047571,True,2026-04-29,,燃气Ⅲ,,,,,,,,,,,
001308,康冠科技,17.84,17.83,17.84,19.01,18.98,18.98,17.66,6085043.0,110642908.0,-6.155,-1.17,17.84,20.39241666666667,-12.516499188832464,True,2026-07-13,28.15803846153846,1.561,99.40119760479041,0.09980039920159679,True,2026-07-13,12560988631.611538,,,,正常,12560988631.611538,5.381165919282511,True,2026-05-29,,面板,,,,,,,,,,,
001323,慕思股份,16.09,16.09,16.13,16.24,16.42,16.42,16.03,1351730.0,21868365.0,-0.924,-0.15,16.09,23.319916666666668,-31.00318397364199,True,2026-07-13,13.837793398533005,1.681778728606357,5.005107252298264,1.0214504596527068,True,2026-07-13,7000449492.72066,,,,正常,7000449492.72066,9.01180857675575,True,2026-06-08,,成品家居,,,,,,,,,,,
001328,登康口腔,25.87,25.78,25.87,26.43,26.3,26.75,25.58,1077500.0,27898688.0,-2.119,-0.56,25.87,33.43575,-22.627726310909722,True,2026-07-13,23.481407297096048,3.1205807892777373,0.38022813688212925,19.138149556400506,True,2026-07-13,4454136206.0,,,,正常,4454136206.0,3.2856590645535366,True,2026-06-05,,洗护用品,,,,,,,,,,,
001368,通达创智,20.44,20.41,20.45,21.12,20.86,21.17,20.35,1011400.0,20854751.0,-3.22,-0.68,20.44,26.07408333333333,-21.607982383528967,True,2026-07-13,22.734184808901784,1.6613062409288823,30.973451327433626,20.2275600505689,True,2026-07-13,2326827134.885341,,,,正常,2326827134.885341,3.669275929549902,True,2026-05-13,,娱乐用品,,,,,,,,,,,
001386,马可波罗,14.02,14.01,14.02,14.33,14.25,14.48,13.98,3408777.0,48045519.0,-2.163,-0.31,14.02,19.704,-28.846934632561915,True,2026-07-13,14.291292328956464,1.4145957152729782,1.1363636363636365,1.1363636363636365,True,2026-07-13,16752778400.0,,,,正常,16752778400.0,4.279600570613409,True,2026-06-10,,瓷砖地板,,,,,,,,,,,
001395,亚联机械,31.49,31.49,0.0,28.63,28.8,31.49,28.6,11640568.0,357072174.0,9.99,2.86,31.49,37.98558333333334,-17.10012789940044,True,2026-07-13,20.234968125796858,3.0780705482362927,34.097421203438394,24.641833810888254,True,2026-07-13,3571343879.999998,,,,正常,3571343879.999998,3.1756113051762465,True,2026-06-16,,其他专用设备,,,,,,,,,,,
001979,招商蛇口,6.32,6.31,6.32,6.62,6.56,6.6,6.29,73557056.0,469862453.0,-4.532,-0.3,6.32,8.773166666666667,-27.96215733581564,True,2026-07-13,92.27969558599695,0.5867884322678841,98.583984375,0.048828125,True,2026-07-13,56981323320.26788,,,,正常,56981323320.26788,3.0710585443037974,True,2025-07-17,,商业地产,,,,,,,,,,,
002004,华邦健康,4.19,4.19,4.2,4.13,4.13,4.24,4.11,28369422.0,118995288.0,1.453,0.06,4.19,4.984500000000001,-15.939412177751034,True,2026-07-13,12.133325062034737,0.8421588089330025,2.806824435883324,7.527926177756192,True,2026-07-13,8295861410.570718,,,,正常,8295861410.570718,10.739856801909307,True,2026-06-16,,化学制剂,,,,,,,,,,,
002007,华兰生物,12.92,12.92,12.93,12.8,12.8,12.98,12.75,12900598.0,166457201.0,0.937,0.12,12.92,14.425416666666667,-10.435862626729442,True,2026-07-13,27.501142857142863,2.1840952380952374,24.78134110787172,1.6520894071914478,True,2026-07-13,23587927539.530148,,,,正常,23587927539.530148,7.739938080495357,True,2026-06-15,,疫苗,,,,,,,,,,,
002010,传化智联,4.47,4.47,4.48,4.59,4.57,4.59,4.44,20897303.0,94285618.0,-2.614,-0.12,4.47,5.759166666666667,-22.384604254087705,True,2026-07-13,18.748624454148473,0.6929475982532749,42.76029055690073,5.956416464891041,True,2026-07-13,12355218159.111355,,,,正常,12355218159.111355,3.3557046979865772,True,2026-06-30,,公路货运,,,,,,,,,,,
002027,分众传媒,4.75,4.74,4.75,4.81,4.79,4.82,4.69,158106989.0,748904708.0,-1.247,-0.06,4.75,6.23525,-23.820215709073413,True,2026-07-13,19.048969072164954,5.396391752577318,32.65602322206096,23.609095307208513,True,2026-07-13,68600448698.402054,,,,正常,68600448698.402054,12.0,True,2026-07-09,,广告媒体,,,,,,,,,,,
002035,华帝股份,4.6,4.59,4.6,4.61,4.6,4.65,4.57,8672000.0,39910458.0,-0.217,-0.01,4.6,5.76225,-20.17007245433642,True,2026-07-13,13.178649237472769,1.0322440087145972,34.54457364341085,0.4844961240310077,True,2026-07-13,3899206643.180828,,,,正常,3899206643.180828,4.347826086956522,True,2026-06-18,,厨房电器,,,,,,,,,,,
002043,兔 宝 宝,11.08,11.06,11.08,11.01,11.01,11.14,10.88,8639969.0,95153576.0,0.636,0.07,11.08,14.224916666666669,-22.108506786800163,True,2026-07-13,12.274901960784316,2.883565062388592,19.75728155339806,26.74757281553398,True,2026-07-13,9193679638.79501,,,,正常,9193679638.79501,5.342960288808664,True,2026-06-01,,其他建材,,,,,,,,,,,
002048,宁波华翔,21.51,21.5,21.51,23.04,22.74,22.79,21.38,20488900.0,450185296.0,-6.641,-1.53,21.51,28.017833333333336,-23.227468219645818,True,2026-07-13,40.22800918196996,1.4812813021702835,90.45764362220059,84.81012658227847,False,2026-07-13,17505550454.11227,,,,正常,17505550454.11227,3.389121338912134,True,2026-05-29,,车身附件及饰件,,,,,,,,,,,
002060,广东建工,3.15,3.15,3.16,3.14,3.12,3.18,3.11,18270500.0,57610203.0,0.318,0.01,3.15,3.57225,-11.820281335292881,True,2026-07-13,10.978827361563516,0.8516286644951139,18.72568093385214,1.8482490272373542,True,2026-07-13,11826338712.361563,,,,正常,11826338712.361563,4.444444444444444,True,2026-05-22,,基建市政工程,,,,,,,,,,,
002083,孚日股份,9.0,9.0,9.01,9.3,9.29,9.4,8.92,25103399.0,228838685.0,-3.226,-0.3,9.0,11.162166666666668,-19.370492586564747,True,2026-07-13,17.702678571428592,1.8482142857142858,72.62135922330097,91.74757281553399,False,2026-07-13,8519751107.67857,,,,正常,8519751107.67857,3.3333333333333335,True,2026-06-18,,棉纺,,,,,,,,,,,
002088,鲁阳节能,7.41,7.4,7.41,7.66,7.6,7.71,7.34,2701004.0,20214518.0,-3.264,-0.25,7.41,10.164,-27.095631641086182,True,2026-07-13,15.723219307146966,1.5905784061696657,50.14563106796116,4.596032897919691,True,2026-07-13,3776367088.1838045,,,,正常,3776367088.1838045,4.048582995951417,True,2026-07-01,,耐火材料,,,,,,,,,,,
002091,江苏国泰,7.21,7.21,7.23,7.3,7.29,7.35,7.19,11958122.0,86595179.0,-1.233,-0.09,7.21,8.503666666666666,-15.213045352984977,True,2026-07-13,9.291339779005522,0.7568508287292819,34.9609375,5.56640625,True,2026-07-13,11735916961.980665,,,,正常,11735916961.980665,6.518693481276006,True,2026-06-08,,贸易,,,,,,,,,,,
002116,中国海诚,6.73,6.72,6.73,6.78,6.74,6.79,6.68,2511800.0,16883716.0,-0.737,-0.05,6.73,9.746583333333332,-30.9501620225891,True,2026-07-13,11.193775510204086,1.3832798833819238,0.3051881993896236,0.29069767441860467,True,2026-07-13,3761752734.4577265,,,,正常,3761752734.4577265,3.2586775631500746,True,2026-06-22,,其他专业工程,,,,,,,,,,,
002117,东港股份,7.63,7.62,7.63,7.99,7.92,8.0,7.59,8414750.0,64854380.0,-4.506,-0.36,7.63,10.209916666666665,-25.268733829038748,True,2026-07-13,26.48905660377358,3.013610062893082,50.2177068214804,33.1881954523464,False,2026-07-13,3995990886.410062,,,,正常,3995990886.410062,3.9318479685452163,True,2026-05-15,,印刷,,,,,,,,,,,
002128,电投能源,23.71,23.71,23.72,24.0,23.8,24.15,23.5,11766989.0,279481735.0,-1.208,-0.29,23.71,28.78925,-17.642870168552495,True,2026-07-13,11.947697654213727,1.4831624674196355,93.19294809010773,85.89618021547503,False,2026-07-13,70025117485.43182,,,,正常,70025117485.43182,5.4829185997469425,True,2026-05-20,,动力煤,,,,,,,,,,,
002152,广电运通,10.13,10.13,10.14,10.27,10.28,10.46,10.06,48136691.0,491941543.0,-1.363,-0.14,10.13,11.765416666666665,-13.900201862804106,True,2026-07-13,29.71680379746835,2.0623312236286915,41.55339805825243,30.097087378640776,False,2026-07-13,25156668756.697273,,,,正常,25156668756.697273,3.652517275419546,True,2026-05-28,,其他计算机设备,,,,,,,,,,,
002170,芭田股份,10.47,10.47,10.48,10.71,10.63,10.7,10.36,23412027.0,244603001.0,-2.241,-0.24,10.47,12.365166666666669,-15.326656872127353,True,2026-07-13,10.016016260162603,2.9036043360433603,0.056211354693648116,86.29737609329446,True,2026-07-13,10159582371.82656,,,,正常,10159582371.82656,6.972301814708692,True,2026-05-15,,复合肥,,,,,,,,,,,
002206,海 利 得,5.1,5.09,5.1,5.24,5.22,5.24,5.07,11365150.0,58346738.0,-2.672,-0.14,5.1,6.04,-15.56291390728477,True,2026-07-13,11.909497206703907,1.5195530726256985,3.0097087378640777,19.563106796116507,True,2026-07-13,5927256821.620112,,,,正常,5927256821.620112,3.921568627450981,True,2026-05-21,,涤纶,,,,,,,,,,,
002215,诺 普 信,9.0,8.99,9.0,8.82,9.16,9.3,8.88,24457344.0,221767063.0,2.041,0.18,9.0,10.264166666666664,-12.316310789965069,True,2026-07-13,11.649532710280369,1.9766355140186929,0.8244422890397671,25.606207565470417,True,2026-07-13,9041704290.420557,,,,正常,9041704290.420557,3.3333333333333335,True,2026-06-01,,其他种植业,,,,,,,,,,,
002223,鱼跃医疗,26.31,26.31,26.32,26.02,26.0,26.39,25.63,12005870.0,311968475.0,1.115,0.29,26.31,32.442083333333336,-18.901632396193225,True,2026-07-13,20.51937883435582,2.017638036809816,44.7992259313014,1.644895984518626,True,2026-07-13,26375168001.667164,,,,正常,26375168001.667164,3.8008361839604716,True,2026-05-26,,医疗设备,,,,,,,,,,,
002228,合兴包装,2.95,2.95,2.96,3.06,3.07,3.07,2.94,23652176.0,70463754.0,-3.595,-0.11,2.95,3.84525,-23.28197126324686,True,2026-07-13,37.914754098360675,1.2186885245901644,84.13159167876148,23.415578132559265,True,2026-07-13,3579487605.114755,,,,正常,3579487605.114755,11.525423728813559,True,2026-06-26,,纸包装,,,,,,,,,,,
002233,塔牌集团,7.61,7.61,7.62,7.47,7.49,7.69,7.44,8353400.0,63506585.0,1.874,0.14,7.61,8.56075,-11.105919457991419,True,2026-07-13,14.503268698060936,0.7694321329639889,68.73786407766991,18.446601941747574,True,2026-07-13,8935285366.132965,,,,正常,8935285366.132965,6.307490144546649,True,2026-04-30,,水泥制造,,,,,,,,,,,
002249,大洋电机,6.91,6.91,6.92,7.32,7.25,7.34,6.91,66533713.0,471803010.0,-5.601,-0.41,6.91,9.325166666666666,-25.899447731050373,True,2026-07-13,15.524466666666669,1.7597466666666668,0.061690314620604564,74.70817120622569,True,2026-07-13,17038358163.74,,,,正常,17038358163.74,4.283646888567294,True,2026-05-20,,电机Ⅲ,,,,,,,,,,,
002264,新 华 都,5.78,5.77,5.78,5.93,5.91,5.97,5.74,12604100.0,73149921.0,-2.53,-0.15,5.78,8.321583333333333,-30.54206431067805,True,2026-07-13,25.980409556314,2.0713310580204785,61.287820015515905,4.745762711864407,True,2026-07-13,4160509314.0000005,,,,正常,4160509314.0000005,3.4602076124567476,True,2026-06-04,,营销代理,,,,,,,,,,,
002270,华明装备,17.81,17.81,17.82,18.19,18.15,18.77,17.54,18053749.0,324830022.0,-2.089,-0.38,17.81,26.468333333333337,-32.71204584094202,True,2026-07-13,22.758820678513732,5.11186322024771,54.18886198547216,84.55205811138015,False,2026-07-13,15961774926.426493,,,,正常,15961774926.426493,3.4250421111734983,True,2026-04-30,,输变电设备,,,,,,,,,,,
002271,东方雨虹,10.57,10.57,10.58,11.5,11.33,11.38,10.51,71935276.0,774555238.0,-8.087,-0.93,10.57,14.990416666666667,-29.48828418156044,True,2026-07-13,78.23018945634267,1.2276523887973645,95.27732015376166,8.418491484184914,True,2026-07-13,25248557583.411037,,,,正常,25248557583.411037,8.751182592242195,True,2025-08-27,,防水材料,,,,,,,,,,,
002304,洋河股份,38.1,38.1,38.12,38.65,38.35,38.53,37.91,5853915.0,223269115.0,-1.423,-0.55,38.1,49.01741666666667,-22.27252558189351,True,2026-07-13,56.52338772338771,1.2236208236208237,97.677793904209,0.14513788098693758,True,2026-07-13,57395557319.26187,,,,正常,57395557319.26187,3.858267716535433,True,2026-06-30,,白酒Ⅲ,,,,,,,,,,,
002315,焦点科技,22.6,22.59,22.6,23.56,23.46,23.73,22.37,6893630.0,157050596.0,-4.075,-0.96,22.6,31.121333333333332,-27.3810033846022,True,2026-07-13,19.036045056320404,3.50738423028786,10.933720367682632,66.47314949201741,True,2026-07-13,9320389815.277431,,,,正常,9320389815.277431,5.752212389380531,True,2026-04-23,,跨境电商,,,,,,,,,,,
002318,久立特材,18.02,18.01,18.02,18.81,18.79,18.88,17.97,15925169.0,292197085.0,-4.2,-0.79,18.02,28.874333333333333,-37.59163270724866,True,2026-07-13,11.61994962216624,2.1636104114189765,1.6990291262135921,20.29126213592233,True,2026-07-13,17608616374.097404,,,,正常,17608616374.097404,5.549389567147614,True,2026-05-28,,特钢Ⅲ,,,,,,,,,,,
002322,理工能科,9.71,9.71,9.75,9.86,9.85,9.98,9.66,3283400.0,32200995.0,-1.521,-0.15,9.71,12.331,-21.25537263806665,True,2026-07-13,17.279836734693877,1.2979693877551024,30.26634382566586,20.774818401937047,True,2026-07-13,3549276588.7000003,,,,正常,3549276588.7000003,6.282183316168897,True,2026-04-30,,垂直应用软件,,,,,,,,,,,
002345,潮宏基,9.49,9.49,9.5,10.06,9.96,10.12,9.46,16918500.0,164399189.0,-5.666,-0.57,9.49,10.803666666666668,-12.159452037888386,True,2026-07-13,14.74537806176784,2.273961661341853,24.169346195069668,82.43831640058055,True,2026-07-13,8431985589.702872,,,,正常,8431985589.702872,4.7418335089567965,True,2026-05-21,,钟表珠宝,,,,,,,,,,,
002352,顺丰控股,31.96,31.95,31.96,32.03,31.91,32.09,31.75,13928584.0,444621755.0,-0.219,-0.07,31.96,35.86633333333334,-10.891365161386268,True,2026-07-13,14.749242236024843,1.7071801242236024,0.6350757205666829,0.7327796775769418,True,2026-07-13,168279246173.27698,,,,正常,168279246173.27698,4.16145181476846,True,2026-05-19,,快递,,,,,,,,,,,
002372,伟星新材,7.51,7.5,7.51,7.98,7.86,7.86,7.49,27759996.0,211673350.0,-5.89,-0.47,7.51,10.293333333333333,-27.040155440414505,True,2026-07-13,16.01770531400966,2.6847342995169092,3.5436893203883497,0.14563106796116504,True,2026-07-13,11956205290.206522,,,,正常,11956205290.206522,5.9920106524633825,True,2026-05-08,,管材,,,,,,,,,,,
002375,亚厦股份,3.3,3.3,3.31,3.37,3.37,3.44,3.29,13266301.0,44190201.0,-2.077,-0.07,3.3,4.04625,-18.44300278035218,True,2026-07-13,13.44941860465116,0.5468023255813954,0.05564830272676684,1.911764705882353,True,2026-07-13,4421988443.284884,,,,正常,4421988443.284884,3.878787878787879,True,2026-07-03,,装修装饰,,,,,,,,,,,
002376,新北洋,6.07,6.06,6.07,6.05,6.0,6.1,5.92,14494911.0,87186563.0,0.331,0.02,6.07,6.9230833333333335,-12.322303405274626,True,2026-07-13,61.6695138888889,1.3488888888888886,65.50580431177447,10.759493670886076,True,2026-07-13,4920114623.701388,,,,正常,4920114623.701388,3.2948929159802307,True,2026-05-29,,其他计算机设备,,,,,,,,,,,
002391,长青股份,5.01,5.0,5.01,5.09,5.06,5.12,4.96,7026068.0,35291765.0,-1.572,-0.08,5.01,6.0326666666666675,-16.952149408774464,True,2026-07-13,59.63484189723318,0.7821936758893279,97.45222929936305,12.40272373540856,True,2026-07-13,3254458675.4999995,,,,正常,3254458675.4999995,3.992015968063873,True,2026-06-16,,农药,,,,,,,,,,,
002393,力生制药,14.75,14.75,14.76,14.58,14.46,14.88,14.45,3575143.0,52616497.0,1.166,0.17,14.75,16.80425,-12.224586042221464,True,2026-07-13,11.03235694822888,1.024863760217984,3.8219641993226903,59.50653120464441,True,2026-07-13,4557222171.049046,,,,正常,4557222171.049046,6.101694915254238,True,2026-04-28,,化学制剂,,,,,,,,,,,
002394,联发股份,8.73,8.73,8.75,9.2,9.28,9.28,8.7,5886000.0,52236203.0,-5.109,-0.47,8.73,12.859999999999998,-32.11508553654742,True,2026-07-13,11.678959835221425,0.6743048403707517,60.6192549588776,37.8326076439284,False,2026-07-13,2825901000.0,,,,正常,2825901000.0,5.72737686139748,True,2026-05-25,,棉纺,,,,,,,,,,,
002404,嘉欣丝绸,5.61,5.6,5.61,5.75,5.75,5.75,5.59,8172200.0,46185328.0,-2.435,-0.14,5.61,6.612416666666666,-15.159611337256917,True,2026-07-13,16.93676470588235,1.6500000000000008,21.390374331550802,9.382596013612057,True,2026-07-13,3141889145.0294104,,,,正常,3141889145.0294104,5.3475935828877,True,2026-04-30,,非运动服装,,,,,,,,,,,
002406,远东传动,6.12,6.12,6.13,6.51,6.45,6.46,6.1,20019500.0,124716684.0,-5.991,-0.39,6.12,7.771333333333333,-21.24903491464355,True,2026-07-13,25.85837837837839,1.0843243243243244,55.69744597249509,23.03536345776031,True,2026-07-13,4468977501.729731,,,,正常,4468977501.729731,4.901960784313726,True,2026-07-10,,底盘与发动机系统,,,,,,,,,,,
002416,爱施德,8.91,8.9,8.91,8.86,8.85,9.2,8.77,28060954.0,251389077.0,0.564,0.05,8.91,11.884333333333332,-25.027346927327287,True,2026-07-13,29.350588235294115,2.0569145394006663,81.15100316789862,58.54014598540146,False,2026-07-13,11042000891.40066,,,,正常,11042000891.40066,5.611672278338945,True,2026-05-28,,专业连锁Ⅲ,,,,,,,,,,,
002441,众业达,7.41,7.4,7.41,7.61,7.59,7.66,7.38,4834145.0,36105021.0,-2.628,-0.2,7.41,9.759083333333331,-24.070737518038733,True,2026-07-13,21.829207547169812,0.9227547169811322,71.5609756097561,7.463414634146341,True,2026-07-13,4035068143.109432,,,,正常,4035068143.109432,6.747638326585695,True,2026-06-25,,配电设备,,,,,,,,,,,
002454,松芝股份,4.63,4.62,4.63,4.82,4.81,4.81,4.61,10847950.0,50832301.0,-3.942,-0.19,4.63,6.20625,-25.397784491440078,True,2026-07-13,18.039709543568467,1.0278215767634848,31.180184555609518,38.75667799902865,False,2026-07-13,4070111138.7842336,,,,正常,4070111138.7842336,7.559395248380129,True,2026-05-22,,汽车电子电气系统,,,,,,,,,,,
002469,三维化学,5.49,5.48,5.49,5.61,5.6,5.61,5.45,4976350.0,27391065.0,-2.139,-0.12,5.49,7.886083333333333,-30.38369279215495,True,2026-07-13,26.587150259067354,1.4127979274611402,59.700048379293655,11.030478955007258,True,2026-07-13,3562255838.9844556,,,,正常,3562255838.9844556,5.46448087431694,True,2026-05-22,,化学工程,,,,,,,,,,,
002478,常宝股份,5.81,5.81,5.82,6.09,6.02,6.14,5.81,25913066.0,153215796.0,-4.598,-0.28,5.81,9.309666666666667,-37.591750510222354,True,2026-07-13,11.94588141025641,0.8845352564102565,59.58549222797927,17.126269956458636,True,2026-07-13,5233672564.940704,,,,正常,5233672564.940704,3.4423407917383826,True,2026-06-26,,特钢Ⅲ,,,,,,,,,,,
002483,润邦股份,4.89,4.89,4.9,5.0,5.0,5.0,4.89,8448080.0,41608263.0,-2.2,-0.11,4.89,6.594833333333332,-25.851045009982553,True,2026-07-13,12.087530120481922,0.9721084337349397,3.386550556361877,4.934687953555878,True,2026-07-13,4334830539.825301,,,,正常,4334830539.825301,3.067484662576687,True,2026-06-04,,能源及重型设备,,,,,,,,,,,
002508,老板电器,15.08,15.08,15.09,15.15,15.12,15.25,15.0,4011401.0,60552709.0,-0.462,-0.07,15.08,18.759999999999998,-19.61620469083155,True,2026-07-13,11.660521739130436,1.260869565217391,4.166666666666666,0.7267441860465116,True,2026-07-13,14249678853.078264,,,,正常,14249678853.078264,6.631299734748011,True,2026-06-03,,厨房电器,,,,,,,,,,,
002521,齐峰新材,6.43,6.42,6.43,6.7,6.67,6.72,6.4,8066799.0,52672802.0,-4.03,-0.27,6.43,7.839833333333333,-17.982950317821377,True,2026-07-13,20.34567164179105,0.9248032564450474,24.403855910705225,54.07118478790834,True,2026-07-13,3601192551.9362273,,,,正常,3601192551.9362273,4.199066874027994,True,2026-06-01,,特种纸,,,,,,,,,,,
002532,天山铝业,11.14,11.14,11.15,11.17,11.09,11.48,10.88,110128042.0,1231697038.0,-0.269,-0.03,11.14,16.080083333333334,-30.721752063888562,True,2026-07-13,8.627837338262477,1.7090942698706109,7.319437712069801,39.31168201648085,True,2026-07-13,51564134802.79111,,,,正常,51564134802.79111,4.937163375224417,True,2026-05-15,,铝,,,,,,,,,,,
002533,金杯电工,10.2,10.19,10.2,10.53,10.46,10.55,10.15,6660064.0,68461176.0,-3.134,-0.33,10.2,12.966416666666666,-21.335244252781226,True,2026-07-13,12.575211267605631,1.7909859154929582,11.810639336261591,74.86578818936066,True,2026-07-13,7486198832.112679,,,,正常,7486198832.112679,4.411764705882353,True,2026-05-21,,线缆部件及其他,,,,,,,,,,,
002540,亚太科技,4.61,4.61,4.62,4.76,4.76,4.76,4.61,12099400.0,56236196.0,-3.151,-0.15,4.61,6.318583333333334,-27.04060773116337,True,2026-07-13,15.529937500000003,1.046854166666667,38.65505563618771,0.5321722302854378,True,2026-07-13,5767774126.204166,,,,正常,5767774126.204166,3.904555314533622,True,2026-07-06,,铝,,,,,,,,,,,
002543,万和电气,6.42,6.41,6.42,6.48,6.48,6.5,6.39,3398241.0,21875774.0,-0.926,-0.06,6.42,8.369333333333334,-23.29138123307313,True,2026-07-13,41.15933333333333,1.0292380952380955,98.01644895984518,0.7256894049346879,True,2026-07-13,4773912000.000001,,,,正常,4773912000.000001,4.049844236760125,True,2026-06-12,,卫浴电器,,,,,,,,,,,
002555,三七互娱,18.33,18.33,18.34,19.18,18.99,19.11,18.26,43523389.0,805779523.0,-4.432,-0.85,18.33,22.14075,-17.211476575996755,True,2026-07-13,12.576788321167879,3.086856100104276,10.47018904507998,19.049927290353853,True,2026-07-13,40550316693.13138,,,,正常,40550316693.13138,5.619203491543916,True,2026-06-02,,游戏Ⅲ,,,,,,,,,,,
002556,辉隆股份,4.54,4.53,4.54,4.59,4.56,4.62,4.52,6911440.0,31529190.0,-1.089,-0.05,4.54,5.862,-22.55203002388263,True,2026-07-13,25.985526315789475,1.20469298245614,32.45997088791849,3.153808830664726,True,2026-07-13,4297192083.399123,,,,正常,4297192083.399123,3.303964757709251,True,2026-06-11,,农业综合Ⅲ,,,,,,,,,,,
002572,索菲亚,7.7,7.7,7.71,7.69,7.66,7.8,7.62,10127030.0,78294474.0,0.13,0.01,7.7,11.68533333333333,-34.105431309904134,True,2026-07-13,8.719266055045876,1.120183486238532,0.43541364296081275,0.9675858732462507,True,2026-07-13,7415463162.477064,,,,正常,7415463162.477064,10.38961038961039,True,2026-05-21,,定制家居,,,,,,,,,,,
002582,好想你,8.59,8.59,8.6,8.85,8.76,8.82,8.53,11355982.0,97936868.0,-2.938,-0.26,8.59,10.863416666666666,-20.92727119307154,True,2026-07-13,1.988335233751426,0.7933751425313569,2.9750479846449136,18.947881149537263,True,2026-07-13,3845810783.621436,,,,正常,3845810783.621436,6.984866123399301,True,2026-06-01,,零食,,,,,,,,,,,
002588,史丹利,8.06,8.05,8.06,8.14,8.15,8.18,8.02,11775308.0,95154579.0,-0.983,-0.08,8.06,10.062583333333333,-19.901284461412317,True,2026-07-13,8.541047503045066,1.2271619975639465,0.09718172983479105,29.10592808551992,True,2026-07-13,9284249358.996347,,,,正常,9284249358.996347,3.9081885856079412,True,2026-06-11,,复合肥,,,,,,,,,,,
002612,朗姿股份,10.99,10.98,10.99,11.13,11.13,11.16,10.9,4329700.0,47629816.0,-1.258,-0.14,10.99,16.06066666666667,-31.57195633224027,True,2026-07-13,5.111404886561953,1.7261780104712037,0.10282776349614395,29.46298984034833,True,2026-07-13,4862474671.729495,,,,正常,4862474671.729495,10.91901728844404,True,2026-05-26,,非运动服装,,,,,,,,,,,
002616,长青集团,4.58,4.57,4.58,4.64,4.63,4.67,4.56,7213618.0,33157277.0,-1.293,-0.06,4.58,5.480500000000001,-16.430982574582632,True,2026-07-13,13.182699115044246,1.124734513274337,0.9299781181619257,1.3671875,True,2026-07-13,3935210965.075225,,,,正常,3935210965.075225,8.733624454148472,True,2026-05-08,,其他能源发电,,,,,,,,,,,
002624,完美世界,10.48,10.47,10.48,11.38,11.25,11.3,10.41,101320372.0,1084128635.0,-7.909,-0.9,10.48,16.89075,-37.95420570430561,True,2026-07-13,38.26535031847134,3.095605095541402,65.04211793020457,30.5865244789142,False,2026-07-13,20330868873.71975,,,,正常,20330868873.71975,3.1488549618320607,True,2026-06-04,,游戏Ⅲ,,,,,,,,,,,
002632,道明光学,8.52,8.52,8.53,8.9,8.75,9.2,8.48,27746020.0,245482862.0,-4.27,-0.38,8.52,11.425833333333333,-25.432134782291595,True,2026-07-13,25.1970403587444,2.512062780269057,38.80813953488372,67.92635658914729,False,2026-07-13,5321584246.991031,,,,正常,5321584246.991031,3.5211267605633805,True,2026-05-11,,膜材料,,,,,,,,,,,
002661,克明食品,7.26,7.26,7.27,7.23,7.18,7.33,7.13,3182300.0,23062014.0,0.415,0.03,7.26,8.631666666666666,-15.891098667696458,True,2026-07-13,59.821589958159,1.0834309623430969,93.09421841541756,3.8816108685104314,True,2026-07-13,2418580006.778242,,,,正常,2418580006.778242,4.132231404958678,True,2026-06-04,,预加工食品,,,,,,,,,,,
002690,美亚光电,14.16,14.16,14.17,14.36,14.31,14.43,14.16,6220446.0,88675643.0,-1.393,-0.2,14.16,17.102500000000003,-17.20508697558838,True,2026-07-13,17.194989561586635,5.183131524008351,1.2106537530266344,9.491525423728813,True,2026-07-13,12492361223.999998,,,,正常,12492361223.999998,4.943502824858757,True,2026-05-14,,其它专用机械,,,,,,,,,,,
002705,新宝股份,11.22,11.22,11.23,11.23,11.12,11.35,11.11,4939824.0,55360526.0,-0.089,-0.01,11.22,13.806666666666668,-18.734910671173356,True,2026-07-13,10.959999999999999,1.0799999999999998,11.510441962117532,0.5342399222923749,True,2026-07-13,9109246251.999998,,,,正常,9109246251.999998,4.010695187165775,True,2026-06-18,,厨房小家电,,,,,,,,,,,
002727,一心堂,10.39,10.39,10.4,10.12,10.15,10.46,10.1,11042143.0,114016793.0,2.668,0.27,10.39,12.375499999999999,-16.043796210254115,True,2026-07-13,21.791142005958296,0.8254220456802382,33.17144244779019,0.6313744536182613,True,2026-07-13,6084426859.007944,,,,正常,6084426859.007944,3.849855630413859,True,2026-05-29,,线下药店,,,,,,,,,,,
002736,国信证券,9.99,9.99,10.0,10.05,10.05,10.11,9.95,28719658.0,287370139.0,-0.597,-0.06,9.99,11.30725,-11.649605341705538,True,2026-07-13,9.434467881112177,1.0535953978906998,1.4513788098693758,9.627479438800194,True,2026-07-13,102315013169.59157,,,,正常,102315013169.59157,4.504504504504505,True,2026-06-22,,证券,,,,,,,,,,,
002749,国光股份,8.0,8.0,8.01,7.97,7.95,8.06,7.91,2143640.0,17145646.0,0.376,0.03,8.0,11.785166666666667,-32.11805801077626,True,2026-07-13,15.150617283950611,2.5086419753086435,1.501937984496124,1.5988372093023258,True,2026-07-13,4451772384.197534,,,,正常,4451772384.197534,11.25,True,2026-05-22,,农药,,,,,,,,,,,
002758,浙农股份,7.47,7.47,7.48,7.55,7.55,7.55,7.43,3285152.0,24581582.0,-1.06,-0.08,7.47,9.419416666666667,-20.695726026912496,True,2026-07-13,7.161476846057572,0.7479349186483103,0.04837929366231253,0.04837929366231253,True,2026-07-13,3875454667.5206513,,,,正常,3875454667.5206513,4.417670682730924,True,2026-07-10,,复合肥,,,,,,,,,,,
002772,众兴菌业,13.13,13.12,13.13,12.72,12.8,13.18,12.62,14302605.0,184824136.0,3.223,0.41,13.13,15.491166666666667,-15.242019645604476,True,2026-07-13,10.948973288814695,1.3919115191986642,4.284976768198245,80.01944579484686,True,2026-07-13,4920369457.917362,,,,正常,4920369457.917362,3.427265803503427,True,2026-05-19,,食用菌,,,,,,,,,,,
002773,康弘药业,22.62,22.62,22.63,22.31,22.28,23.3,21.8,18329411.0,413949910.0,1.39,0.31,22.62,25.654666666666667,-11.828907021464573,True,2026-07-13,19.46752941176471,2.323411764705882,26.879910213243548,26.511852926947267,True,2026-07-13,20840402127.070576,,,,正常,20840402127.070576,3.0946065428824046,True,2026-06-09,,其他生物制品,,,,,,,,,,,
002788,鹭燕医药,10.08,10.07,10.08,10.28,10.3,10.39,10.03,15971600.0,162163178.0,-1.946,-0.2,10.08,14.151166666666665,-28.769123864934564,True,2026-07-13,14.113898305084748,1.1579661016949154,77.4818401937046,25.181598062954,True,2026-07-13,3916248698.5762706,,,,正常,3916248698.5762706,3.472222222222222,True,2026-07-10,,医药流通,,,,,,,,,,,
002811,郑中设计,10.33,10.33,10.34,11.07,10.97,11.06,10.3,4017300.0,42337870.0,-6.685,-0.74,10.33,13.593250000000001,-24.006400235410965,True,2026-07-13,19.26769565217391,2.236669565217392,3.3929673041332507,72.39204269771955,True,2026-07-13,3181330152.099131,,,,正常,3181330152.099131,3.3881897386253628,True,2026-05-28,,装修装饰,,,,,,,,,,,
002823,凯中精密,12.92,12.92,12.93,13.78,13.6,13.69,12.9,6327759.0,83303059.0,-6.241,-0.86,12.92,16.028,-19.391065635138503,True,2026-07-13,17.909793103448276,2.0939310344827593,0.6933333333333334,7.030481809242871,True,2026-07-13,4242526821.5255165,,,,正常,4242526821.5255165,3.3086919504643957,True,2026-05-18,,电机,,,,,,,,,,,
002847,盐津铺子,44.7,44.62,44.7,45.01,44.84,45.48,43.85,3925343.0,174936101.0,-0.689,-0.31,44.7,58.74175,-23.9042078249286,True,2026-07-13,15.08299935358759,6.3568196509373,0.14513788098693758,21.6255442670537,True,2026-07-13,12077378523.309633,,,,正常,12077378523.309633,3.131991051454138,True,2026-06-26,,零食,,,,,,,,,,,
002852,道道全,7.39,7.39,7.42,7.42,7.4,7.49,7.36,3307081.0,24513999.0,-0.404,-0.03,7.39,9.434499999999998,-21.670464783507327,True,2026-07-13,17.539876880984956,1.142366621067031,28.36279784780938,1.741654571843251,True,2026-07-13,2541925774.4049253,,,,正常,2541925774.4049253,4.005412719891745,True,2026-04-21,,粮油加工,,,,,,,,,,,
002879,长缆科技,12.51,12.51,12.52,13.1,13.22,13.3,12.46,4238600.0,53856937.0,-4.504,-0.59,12.51,18.789916666666667,-33.42173772280346,True,2026-07-13,18.2125374251497,1.4326571856287431,4.263565891472868,1.8410852713178296,True,2026-07-13,2415776576.025449,,,,正常,2415776576.025449,3.9968025579536373,True,2026-04-21,,线缆部件及其他,,,,,,,,,,,
002895,川恒股份,28.18,28.17,28.18,28.55,28.4,28.65,27.94,7090657.0,199888027.0,-1.296,-0.37,28.18,36.400916666666674,-22.58436715192613,True,2026-07-13,13.694006535947707,2.43121568627451,18.93462469733656,41.84019370460049,True,2026-07-13,17074441873.124178,,,,正常,17074441873.124178,6.3875088715401,True,2026-05-21,,磷肥及磷化工,,,,,,,,,,,
002911,佛燃能源,10.08,10.07,10.08,9.96,9.98,10.3,9.95,9527826.0,96700098.0,1.205,0.12,10.08,12.71375,-20.715760495526492,True,2026-07-13,12.681290322580645,3.373548387096775,0.5321722302854378,71.0691823899371,True,2026-07-13,13085612366.806452,,,,正常,13085612366.806452,5.158730158730159,True,2026-04-24,,未知,所属行业批量超时,,,,,,,,,,
002946,新乳业,14.08,14.08,14.09,13.92,13.9,14.28,13.8,6121802.0,86112007.0,1.149,0.16,14.08,17.365166666666664,-18.918140722327248,True,2026-07-13,15.452925266903918,3.166747330960855,1.2311135982092893,3.9731393396754333,True,2026-07-13,12118416470.639141,,,,正常,12118416470.639141,3.196022727272727,True,2026-06-09,,未知,所属行业批量超时,,,,,,,,,,
002959,小熊电器,31.97,31.97,32.0,32.12,32.2,32.54,31.67,834156.0,26749637.0,-0.467,-0.15,31.97,40.610416666666666,-21.276355614836095,True,2026-07-13,14.555926267281105,1.7384608294930872,0.3004807692307693,0.78125,True,2026-07-13,4981998401.483564,,,,正常,4981998401.483564,4.066312167657179,True,2026-05-28,,未知,所属行业批量超时,,,,,,,,,,
002991,甘源食品,41.06,40.96,41.12,41.03,40.9,41.27,40.61,650300.0,26617116.0,0.073,0.03,41.06,50.69916666666666,-19.012475550222707,True,2026-07-13,17.23893129770993,2.264821472543708,11.72796668979875,1.3879250520471893,True,2026-07-13,3827442020.950999,,,,正常,3827442020.950999,3.879688261081344,True,2026-06-04,,未知,所属行业批量超时,,,,,,,,,,
002998,优彩资源,6.92,6.91,6.92,7.13,7.09,7.17,6.89,13760190.0,96445408.0,-2.945,-0.21,6.92,8.249166666666667,-16.11273866047076,True,2026-07-13,35.80477697841726,1.4437410071942436,81.24547429398986,31.933381607530777,False,2026-07-13,2455327613.128058,,,,正常,2455327613.128058,4.190751445086705,True,2026-05-20,,未知,所属行业批量超时,,,,,,,,,,
003006,百亚股份,13.13,13.13,13.18,13.69,13.56,13.7,13.04,10612100.0,140382417.0,-4.091,-0.56,13.13,17.91025,-26.690023869013558,True,2026-07-13,25.515099111414894,4.020669856459333,11.672597864768683,7.188612099644128,True,2026-07-13,5641275482.96924,,,,正常,5641275482.96924,3.0464584920030466,True,2026-05-20,,未知,所属行业批量超时,,,,,,,,,,
003008,开普检测,17.01,16.97,17.01,17.51,17.51,17.56,16.91,1273470.0,21823998.0,-2.856,-0.5,17.01,21.870083333333334,-22.222518585129603,True,2026-07-13,22.413863766456785,1.742867773325701,0.646551724137931,12.78735632183908,True,2026-07-13,1769040000.0,,,,正常,1769040000.0,5.878894767783656,True,2026-06-03,,未知,所属行业批量超时,,,,,,,,,,
003011,海象新材,17.29,17.29,17.3,18.66,18.51,18.86,17.23,3099360.0,54911607.0,-7.342,-1.37,17.29,23.09508333333333,-25.135580805438384,True,2026-07-13,20.61352222222222,1.3063555555555555,55.730533683289586,22.454873646209386,True,2026-07-13,1775268039.9999998,,,,正常,1775268039.9999998,3.470213996529786,True,2026-07-01,,未知,所属行业批量超时,,,,,,,,,,
003012,东鹏控股,4.53,4.51,4.53,4.56,4.55,4.59,4.5,6718000.0,30422875.0,-0.658,-0.03,4.53,5.993250000000001,-24.414966837692408,True,2026-07-13,15.763587443946191,0.7211434977578475,21.568627450980394,1.00647016534867,True,2026-07-13,5241124646.065023,,,,正常,5241124646.065023,5.518763796909492,True,2026-06-01,,未知,所属行业批量超时,,,,,,,,,,
300099,尤洛卡,5.67,5.67,5.68,6.29,6.18,6.23,5.66,27927080.0,162689647.0,-9.857,-0.62,5.67,8.21175,-30.95259841081378,True,2026-07-13,22.69783018867924,1.8186792452830192,2.3391812865497075,13.791423001949319,True,2026-07-13,4180293996.028301,,,,正常,4180293996.028301,3.3862433862433865,True,2026-04-30,,未知,所属行业批量超时,,,,,,,,,,
300130,新国都,17.04,17.04,17.05,18.04,18.06,18.18,17.01,11478772.0,199463149.0,-5.543,-1.0,17.04,23.979583333333334,-28.939549269343722,True,2026-07-13,23.067214185720957,2.226411572561829,17.142857142857142,15.49636803874092,True,2026-07-13,9666884595.662155,,,,正常,9666884595.662155,3.5211267605633805,True,2026-07-02,,未知,所属行业批量超时,,,,,,,,,,
300138,晨光生物,9.89,9.89,9.9,9.81,9.74,9.92,9.69,4880800.0,48106423.0,0.815,0.08,9.89,11.956583333333334,-17.284062476041797,True,2026-07-13,13.416831364124597,1.4341031149301828,7.789066279632317,9.095307208514756,True,2026-07-13,4777859919.950592,,,,正常,4777859919.950592,3.0333670374115265,True,2026-05-21,,未知,所属行业批量超时,,,,,,,,,,
300144,宋城演艺,5.84,5.84,5.85,5.96,5.92,5.95,5.8,35394729.0,207269444.0,-2.013,-0.12,5.84,7.482916666666667,-21.955565454646695,True,2026-07-13,19.64544217687075,2.135374149659864,0.36101083032490977,0.7263922518159807,True,2026-07-13,15328130090.598639,,,,正常,15328130090.598639,4.280821917808219,True,2026-06-12,,未知,所属行业批量超时,,,,,,,,,,
300146,汤臣倍健,9.24,9.23,9.24,9.31,9.21,9.29,9.16,9568400.0,88226523.0,-0.752,-0.07,9.24,10.61225,-12.930811090956196,True,2026-07-13,21.429576547231264,1.4547231270358303,26.168224299065418,1.3546202225447508,True,2026-07-13,15631095766.931595,,,,正常,15631095766.931595,4.870129870129871,True,2026-04-21,,未知,所属行业批量超时,,,,,,,,,,
300193,佳士科技,7.42,7.41,7.42,7.71,7.68,7.68,7.4,5005100.0,37535760.0,-3.761,-0.29,7.42,8.72725,-14.97894525766994,True,2026-07-13,20.004463208685177,1.5752955367913148,36.801166747690814,15.799708313077296,True,2026-07-13,3533773552.697226,,,,正常,3533773552.697226,4.0431266846361185,True,2026-07-06,,未知,所属行业批量超时,,,,,,,,,,
300230,永利股份,4.02,4.02,4.03,4.14,4.15,4.16,4.01,8299100.0,33614493.0,-2.899,-0.12,4.02,4.8919999999999995,-17.825020441537198,True,2026-07-13,18.334205607476633,1.042570093457944,79.69882877858338,9.14004914004914,True,2026-07-13,3269118032.3691583,,,,正常,3269118032.3691583,4.601990049751245,True,2026-06-30,,未知,所属行业批量超时,,,,,,,,,,
300272,开能健康,5.26,5.26,5.28,5.43,5.44,5.44,5.25,6572900.0,34901701.0,-3.131,-0.17,5.26,7.1665,-26.602944254517546,True,2026-07-13,79.36755555555554,2.6105185185185187,89.02912621359224,25.582524271844658,True,2026-07-13,3216329422.9148145,,,,正常,3216329422.9148145,3.4220532319391634,True,2026-06-16,,未知,所属行业批量超时,,,,,,,,,,
300306,远方信息,8.93,8.93,8.94,9.32,9.3,9.37,8.92,3422900.0,31064216.0,-4.185,-0.39,8.93,12.145000000000001,-26.471799094277493,True,2026-07-13,34.04904907975461,1.6800817995910016,44.87320837927233,16.893203883495143,True,2026-07-13,2401801887.6860933,,,,正常,2401801887.6860933,4.165733482642777,True,2026-05-19,,未知,所属行业批量超时,,,,,,,,,,
300360,炬华科技,11.3,11.29,11.3,11.5,11.5,11.55,11.19,5019971.0,56857510.0,-1.739,-0.2,11.3,15.5435,-27.300800977900728,True,2026-07-13,11.927249789739268,1.4160639192598827,10.49830672472182,4.78955007256894,True,2026-07-13,5810314523.666949,,,,正常,5810314523.666949,5.309734513274336,True,2026-06-03,,未知,所属行业批量超时,,,,,,,,,,
300413,芒果超媒,15.35,15.34,15.35,14.62,14.68,15.64,14.56,27740194.0,423450469.0,4.993,0.73,15.35,20.750666666666667,-26.02647304504273,True,2026-07-10,27.408517034068147,1.2202070808283236,21.781219748305904,0.6776379477250726,True,2026-07-10,28715564510.711426,,,,沿用上一版：当前数据待补齐,28715564510.711426,3.127035830618893,True,2026-07-10,,未知,所属行业批量超时,,,,,,,,,,
300470,中密控股,28.8,28.8,28.81,28.41,28.42,29.14,28.1,1677800.0,48356279.0,1.373,0.39,28.8,34.93899999999999,-17.570623085949777,True,2026-07-10,16.750119250425904,2.0900851788756394,0.2906976744186046,0.3875968992248062,True,2026-07-10,5989298025.649064,,,,沿用上一版：当前数据待补齐,5989298025.649064,3.4722222222222223,True,2026-06-15,,未知,所属行业批量超时,,,,,,,,,,
300498,温氏股份,13.34,13.33,13.34,13.15,13.18,13.48,12.87,62699911.0,831320979.0,1.445,0.19,13.34,15.231500000000002,-12.418343564323951,True,2026-07-10,40.66007616146231,2.316466108149277,80.58007566204287,7.371483996120272,True,2026-07-10,88763416929.0556,,,,沿用上一版：当前数据待补齐,88763416929.0556,3.748125937031484,True,2026-06-24,,未知,所属行业批量超时,,,,,,,,,,
300514,友讯达,9.22,9.22,9.24,9.01,9.05,9.44,8.88,3302700.0,30552350.0,2.331,0.21,9.22,12.58525,-26.73963568463081,True,2026-07-10,63.762760800843,1.807081138040043,88.22103732428502,0.2423654871546291,True,2026-07-10,1844000000.0,,,,沿用上一版：当前数据待补齐,1844000000.0,3.2537960954446854,True,2025-07-24,,未知,所属行业批量超时,,,,,,,,,,
300515,三德科技,13.06,13.06,13.07,12.96,12.95,13.4,12.73,2857500.0,37429190.0,0.772,0.1,13.06,17.678416666666667,-26.12460580462994,True,2026-07-10,14.241944652206438,3.037890800299178,0.2420135527589544,10.406582768635044,True,2026-07-10,2687153769.9999995,,,,沿用上一版：当前数据待补齐,2687153769.9999995,3.062787136294028,True,2026-06-04,,未知,所属行业批量超时,,,,,,,,,,
300532,今天国际,6.29,6.29,6.3,6.25,6.2,6.41,6.14,8239752.0,52060263.0,0.64,0.04,6.29,7.782083333333333,-19.173314772179683,True,2026-07-10,18.42704225352113,2.283693270735525,20.745216515609265,4.598257502420135,True,2026-07-10,3998177487.000002,,,,沿用上一版：当前数据待补齐,3998177487.000002,7.94912559618442,True,2026-05-06,,未知,所属行业批量超时,,,,,,,,,,
300533,冰川网络,17.9,17.89,17.9,17.2,16.9,17.93,16.23,23895810.0,411545852.0,4.07,0.7,17.9,26.8685,-33.37923590821966,True,2026-07-10,20.61967312348668,4.561682808716707,19.619865113427345,86.30203291384318,True,2026-07-10,5875616968.026632,,,,沿用上一版：当前数据待补齐,5875616968.026632,11.1731843575419,True,2026-05-26,,未知,所属行业批量超时,,,,,,,,,,
300641,正丹股份,14.57,14.57,14.58,14.43,14.4,14.82,14.33,8134310.0,118663469.0,0.97,0.14,14.57,18.554583333333333,-21.4749275785408,True,2026-07-10,19.494678548695106,2.5411712285168684,18.19941916747338,64.52081316553728,True,2026-07-10,7657187881.607257,,,,沿用上一版：当前数据待补齐,7657187881.607257,5.490734385724091,True,2026-06-18,,未知,所属行业批量超时,,,,,,,,,,
300705,九典制药,10.24,10.23,10.24,10.31,10.31,10.64,10.13,6593684.0,68287519.0,-0.679,-0.07,10.24,13.397166666666667,-23.565928119129666,True,2026-07-08,12.68760975609756,2.0879609756097564,0.3875968992248062,0.872093023255814,True,2026-07-08,5122981130.739512,,,,沿用上一版：当前数据待补齐,5122981130.739512,3.90625,True,2026-05-28,,未知,所属行业批量超时,,,,,,,,,,
300729,乐歌股份,9.82,9.82,9.83,9.82,9.74,9.92,9.68,2004101.0,19676722.0,0.0,0.0,9.82,12.546583333333334,-21.731679939425742,True,2026-07-08,16.089152196118487,0.9428804902962212,25.170068027210885,0.3887269193391642,True,2026-07-08,3354643637.150153,,,,沿用上一版：当前数据待补齐,3354643637.150153,3.054989816700611,True,2026-05-28,,未知,所属行业批量超时,,,,,,,,,,
300743,天地数码,14.33,14.33,14.35,14.56,14.66,14.72,14.2,1732800.0,24907416.0,-1.58,-0.23,14.33,18.654416666666663,-23.181730868025,True,2026-07-08,18.74069953364424,3.732864756828784,0.0505816894284269,18.259989883662115,True,2026-07-08,2166757948.3704205,,,,沿用上一版：当前数据待补齐,2166757948.3704205,4.535938590369853,True,2026-06-30,,未知,所属行业批量超时,,,,,,,,,,
300760,迈瑞医疗,138.0,137.97,138.0,138.17,137.98,139.15,136.08,7291618.0,1003961634.0,-0.123,-0.17,138.0,167.23108333333337,-17.479455822855915,True,2026-07-08,21.347635850388144,4.382498235709245,1.0666666666666669,0.96,True,2026-07-08,167316912372.19476,,,,沿用上一版：当前数据待补齐,167316912372.19476,3.0579710144927543,True,2026-05-28,,未知,所属行业批量超时,,,,,,,,,,
300770,新媒股份,32.32,32.31,32.32,31.95,32.1,32.51,31.74,1654600.0,53269396.0,1.158,0.37,32.32,39.72325,-18.6370702296514,True,2026-07-08,11.453399999999998,2.070500000000001,5.835240274599542,3.260869565217391,True,2026-07-08,7363743261.12,,,,沿用上一版：当前数据待补齐,7363743261.12,8.663366336633663,True,2026-05-22,,未知,所属行业批量超时,,,,,,,,,,
300773,拉卡拉,14.71,14.71,14.72,14.52,14.5,14.88,14.34,28234245.0,414638103.0,1.309,0.19,14.71,25.11358333333333,-41.426120658475,True,2026-07-08,9.60991849529781,3.5045768025078377,0.4024144869215292,23.277359583092068,True,2026-07-08,15994637803.687778,,,,沿用上一版：当前数据待补齐,15994637803.687778,4.07885791978246,True,2026-06-22,,未知,所属行业批量超时,,,,,,,,,,
300795,米奥会展,8.37,8.37,8.38,8.3,8.36,8.44,8.2,4052378.0,33778214.0,0.843,0.07,8.37,11.559499999999998,-27.592023876465245,True,2026-07-08,16.807267508610785,4.401216991963261,0.2066115702479339,12.03931203931204,True,2026-07-08,2501741692.1882887,,,,沿用上一版：当前数据待补齐,2501741692.1882887,3.189964157706094,True,2026-04-30,,未知,所属行业批量超时,,,,,,,,,,
300851,交大思诺,22.31,22.31,22.32,23.25,23.17,23.4,22.22,1306400.0,29492963.0,-4.043,-0.94,22.31,27.920666666666666,-20.095031159714416,True,2026-07-07,23.769898989898987,1.518686868686868,26.923076923076923,2.657342657342657,True,2026-07-07,1939484154.0,,,,沿用上一版：当前数据待补齐,1939484154.0,3.047960555804572,True,2026-05-29,,未知,所属行业批量超时,,,,,,,,,,
300898,熊猫乳品,18.51,18.51,18.52,19.02,18.98,19.0,18.4,1913600.0,35677226.0,-2.681,-0.51,18.51,24.20025,-23.513186847243293,True,2026-07-07,20.62825668449198,2.3756149732620324,6.425992779783393,7.36462093862816,True,2026-07-07,2295240000.0,,,,沿用上一版：当前数据待补齐,2295240000.0,3.2414910858995136,True,2026-05-29,,未知,所属行业批量超时,,,,,,,,,,
300910,瑞丰新材,29.35,29.35,29.4,28.98,28.73,29.9,28.71,6169320.0,181156819.0,1.277,0.37,29.35,47.97883333333333,-38.82719115721168,True,2026-07-02,16.497981366459626,3.190217391304348,3.763837638376384,3.837638376383764,True,2026-07-02,11242290829.484129,,,,沿用上一版：当前数据待补齐,11242290829.484129,5.110732538330494,True,2026-05-29,,未知,所属行业批量超时,,,,,,,,,,
300978,东箭科技,8.2,8.2,8.21,8.26,8.26,8.49,8.17,5348969.0,44614033.0,-0.726,-0.06,8.2,11.162833333333332,-26.541947235618203,True,2026-07-02,27.786682808716705,2.2435835351089586,5.924739791833467,0.8807045636509208,True,2026-07-02,3466162459.661017,,,,沿用上一版：当前数据待补齐,3466162459.661017,4.878048780487806,True,2026-06-17,,未知,所属行业批量超时,,,,,,,,,,
300979,华利集团,31.38,31.36,31.38,30.64,30.81,31.78,30.5,2844502.0,88653512.0,2.415,0.74,31.38,42.38383333333333,-25.96233626815255,True,2026-07-02,12.945274151436031,2.427238903394256,0.8757961783439491,1.751592356687898,True,2026-07-02,36620460000.0,,,,沿用上一版：当前数据待补齐,36620460000.0,6.692160611854685,True,2026-05-22,,未知,所属行业批量超时,,,,,,,,,,
300981,中红医疗,10.1,10.09,10.1,10.0,9.99,10.26,9.93,4828438.0,48770909.0,1.0,0.1,10.1,12.934500000000002,-21.914260311569844,True,2026-07-02,105.42247151633934,0.8484,64.05750798722045,14.931396287328491,True,2026-07-02,4331536085.9,,,,沿用上一版：当前数据待补齐,4331536085.9,3.465346534653465,True,2026-05-27,,未知,所属行业批量超时,,,,,,,,,,
300994,久祺股份,11.37,11.37,11.39,11.52,11.42,11.58,11.25,2159860.0,24606569.0,-1.302,-0.15,11.37,15.0885,-24.644596878417342,True,2026-06-19,21.33316430020284,2.152535496957403,20.801364023870416,8.184143222506394,True,2026-06-19,2650210560.000001,,,,沿用上一版：当前数据待补齐,2650210560.000001,8.443271767810026,True,2026-06-11,,未知,所属行业批量超时,,,,,,,,,,
301035,润丰股份,49.81,49.55,49.81,50.0,50.49,50.85,48.7,1608674.0,79832511.0,-0.38,-0.19,49.81,57.407833333333336,-13.23483728991688,True,2026-06-19,14.673297993184397,1.8168736589675645,10.0,5.641025641025641,True,2026-06-19,13985202214.927423,,,,沿用上一版：当前数据待补齐,13985202214.927423,3.111824934752058,True,2026-06-01,,未知,所属行业批量超时,,,,,,,,,,
301056,森赫股份,11.94,11.94,11.97,11.95,11.99,12.25,11.86,2817898.0,33836486.0,-0.084,-0.01,11.94,14.8385,-19.533645584122382,True,2026-06-19,46.47251373626373,4.010068681318683,87.80701754385964,81.75438596491227,False,2026-06-19,3185432804.3736267,,,,沿用上一版：当前数据待补齐,3185432804.3736267,5.025125628140704,True,2025-12-11,,未知,所属行业批量超时,,,,,,,,,,
301088,戎美股份,12.74,12.74,12.76,12.96,12.96,13.08,12.68,1175200.0,15032600.0,-1.698,-0.22,12.74,15.014666666666669,-15.149631471450142,True,2026-06-19,40.63704314720814,1.1478934010152275,91.69675090252709,17.509025270758123,True,2026-06-19,2903446000.0,,,,沿用上一版：当前数据待补齐,2903446000.0,8.618524332810047,True,2026-06-01,,未知,所属行业批量超时,,,,,,,,,,
301109,军信股份,13.47,13.47,13.48,13.49,13.55,13.72,13.36,4891706.0,65970357.0,-0.148,-0.02,13.47,15.19775,-11.3684591469132,True,2026-06-19,13.925932304038003,1.3757957244655588,37.37474949899799,44.88977955911824,False,2026-06-19,10629188341.516035,,,,沿用上一版：当前数据待补齐,10629188341.516035,4.847809948032665,True,2026-05-11,,未知,所属行业批量超时,,,,,,,,,,
301175,中科环保,5.24,5.24,5.25,5.3,5.26,5.3,5.21,12942433.0,67837712.0,-1.132,-0.06,5.24,6.117583333333333,-14.3452616092956,True,2026-06-19,19.77466458658347,2.027332293291732,0.3201707577374599,10.992529348986126,True,2026-06-19,7712651200.000003,,,,沿用上一版：当前数据待补齐,7712651200.000003,3.0534351145038165,True,2026-05-14,,未知,所属行业批量超时,,,,,,,,,,
301207,华兰疫苗,16.48,16.47,16.48,16.39,16.33,16.71,16.12,3557500.0,58528243.0,0.549,0.09,16.48,19.56883333333333,-15.784453169580882,True,2026-06-19,52.82310523832,1.7265502595563953,78.34456207892204,11.357074109720886,True,2026-06-19,9904933200.0,,,,沿用上一版：当前数据待补齐,9904933200.0,8.49514563106796,True,2026-06-15,,未知,所属行业批量超时,,,,,,,,,,
301262,海看股份,19.62,19.62,19.63,19.51,19.45,19.98,19.32,2631800.0,51803783.0,0.564,0.11,19.62,24.292666666666666,-19.234885699388016,True,2026-06-19,21.095911692559305,2.149697465249386,5.8495821727019495,0.5571030640668524,True,2026-06-19,8181540000.000003,,,,沿用上一版：当前数据待补齐,8181540000.000003,3.1600407747196737,True,2026-01-13,,未知,所属行业批量超时,,,,,,,,,,
301283,聚胶股份,27.77,27.77,27.79,26.69,26.38,28.44,26.2,2269074.0,62201898.0,4.046,1.08,27.77,31.67408333333333,-12.325797379034908,True,2026-06-19,11.424725050916496,1.300835030549898,1.54015401540154,6.380638063806381,True,2026-06-19,2233202916.826885,,,,沿用上一版：当前数据待补齐,2233202916.826885,6.121714079942383,True,2026-05-21,,未知,所属行业批量超时,,,,,,,,,,
301299,卓创资讯,49.9,49.9,49.95,50.42,50.38,50.67,49.4,722700.0,36153743.0,-1.031,-0.52,49.9,59.78925,-16.54018071810569,True,2026-06-19,46.08043512783863,4.952755280292204,14.009111617312072,32.46013667425968,True,2026-06-19,3027064737.6830206,,,,沿用上一版：当前数据待补齐,3027064737.6830206,3.0060120240480965,True,2026-05-12,,未知,所属行业批量超时,,,,,,,,,,
301300,远翔新材,33.82,33.82,33.86,33.95,33.8,34.17,33.1,789400.0,26617017.0,-0.383,-0.13,33.82,42.840916666666665,-21.05677788562725,True,2026-06-19,25.648352472463085,2.6076353409889843,0.3250270855904659,58.93824485373781,True,2026-06-19,2194512160.0000005,,,,沿用上一版：当前数据待补齐,2194512160.0000005,3.252513305736251,True,2026-05-29,,未知,所属行业批量超时,,,,,,,,,,
301509,金凯生科,27.24,27.24,27.25,26.98,27.0,27.62,26.52,1613200.0,43828854.0,0.964,0.26,27.24,36.25608333333333,-24.867780809197537,True,2026-06-19,44.31708781869691,1.4738923512747888,50.505050505050505,10.533910533910534,True,2026-06-19,3280967263.791501,,,,沿用上一版：当前数据待补齐,3280967263.791501,3.303964757709251,True,2026-06-02,,未知,所属行业批量超时,,,,,,,,,,
301552,科力装备,24.5,24.46,24.5,24.69,24.55,24.87,24.1,834682.0,20466014.0,-0.77,-0.19,24.5,29.24075,-16.212819438625882,True,2026-06-19,16.28321925890962,1.931319329714422,0.4329004329004329,0.4329004329004329,True,2026-06-19,2332400000.0,,,,沿用上一版：当前数据待补齐,2332400000.0,6.122448979591836,True,2026-05-11,,未知,所属行业批量超时,,,,,,,,,,
301598,博科测试,53.8,53.8,53.82,54.54,53.88,54.68,53.17,796582.0,42730485.0,-1.357,-0.74,53.8,61.92391666666666,-13.119190619671716,True,2026-06-19,25.512981498331808,3.1493478920230515,3.188405797101449,2.898550724637681,True,2026-06-19,3168670597.71004,,,,沿用上一版：当前数据待补齐,3168670597.71004,3.1598513011152414,True,2026-05-21,,未知,所属行业批量超时,,,,,,,,,,
301633,港迪技术,46.15,46.14,46.15,46.15,46.11,46.68,45.21,437135.0,20169040.0,0.0,0.0,46.15,63.22208333333333,-27.00335457678949,True,2026-06-19,39.28543344386545,2.7618585188694147,5.714285714285714,0.7792207792207793,True,2026-06-19,2569632000.0,,,,沿用上一版：当前数据待补齐,2569632000.0,3.2502708559046587,True,2026-06-03,,未知,所属行业批量超时,,,,,,,,,,
600028,中国石化,4.71,4.71,4.72,4.85,4.85,4.85,4.71,232692301.0,1107934262.0,-2.887,-0.14,4.71,5.808166666666667,-18.90728571838504,True,2026-06-19,16.0248275862069,0.6857471264367816,82.74012676743052,21.550463188688447,True,2026-06-19,569559171985.7645,,,,沿用上一版：当前数据待补齐,569559171985.7645,4.246284501061572,True,2026-06-17,,未知,所属行业批量超时,,,,,,,,,,
600048,保利发展,4.92,4.92,4.93,5.08,5.05,5.06,4.92,116148187.0,578532588.0,-3.15,-0.16,4.92,6.162416666666667,-20.161192172984087,True,2026-06-19,56.919581643114185,0.3060653188180401,92.69776876267748,0.0980392156862745,True,2026-06-19,58894581616.75895,,,,沿用上一版：当前数据待补齐,58894581616.75895,3.4552845528455287,True,2025-08-20,,未知,所属行业批量超时,,,,,,,,,,
600057,厦门象屿,5.86,5.86,5.87,5.94,5.88,5.96,5.85,13030056.0,76791777.0,-1.347,-0.08,5.86,7.686166666666666,-23.759134375609847,True,2026-06-19,12.750695035460987,1.055631205673759,84.93417844953682,28.230131643100925,True,2026-06-19,16645853526.58158,,,,沿用上一版：当前数据待补齐,16645853526.58158,3.754266211604096,True,2026-06-17,,未知,所属行业批量超时,,,,,,,,,,
600067,冠城新材,3.39,3.38,3.39,3.38,3.39,3.43,3.28,46030900.0,155181053.0,0.296,0.01,3.39,3.924333333333333,-13.615900789943067,True,2026-06-19,244.5439944134078,0.8427653631284919,99.14933837429112,79.71721111652852,False,2026-06-19,4717757025.569834,,,,沿用上一版：当前数据待补齐,4717757025.569834,7.374631268436578,True,2026-06-05,,未知,所属行业批量超时,,,,,,,,,,
600120,浙江东方,4.57,4.57,4.58,4.54,4.55,4.69,4.46,46773768.0,214624273.0,0.661,0.03,4.57,5.858833333333333,-21.99812249310158,True,2026-06-19,16.85589788732394,0.9494014084507036,42.09756097560975,42.97560975609756,False,2026-06-19,15608293418.794008,,,,沿用上一版：当前数据待补齐,15608293418.794008,3.6761487964989055,True,2026-06-05,,未知,所属行业批量超时,,,,,,,,,,
600125,铁龙物流,5.38,5.38,5.39,5.42,5.42,5.43,5.33,8779942.0,47187768.0,-0.738,-0.04,5.38,6.257333333333334,-14.020882164926496,True,2026-06-19,13.032739273927382,0.8966666666666673,0.196078431372549,0.0980392156862745,True,2026-06-19,7023707681.729368,,,,沿用上一版：当前数据待补齐,7023707681.729368,3.9219330855018586,True,2026-06-12,,未知,所属行业批量超时,,,,,,,,,,
600132,重庆啤酒,47.1,47.1,47.11,48.36,48.38,48.6,46.91,4571173.0,216322755.0,-2.605,-1.26,47.1,53.85958333333333,-12.550381779782304,True,2026-06-17,19.05719598363704,12.46249535143176,1.0349926071956628,10.202069985214392,True,2026-06-17,22795043425.41466,,,,沿用上一版：当前数据待补齐,22795043425.41466,4.670912951167729,True,2025-12-18,,未知,所属行业批量超时,,,,,,,,,,
600167,联美控股,5.88,5.87,5.88,6.11,6.09,6.11,5.85,9946305.0,58901741.0,-3.764,-0.23,5.88,6.853833333333333,-14.208593731002118,True,2026-06-17,22.15196531791908,1.113121387283237,89.75873953717381,3.4958148695224027,True,2026-06-17,13305501922.473986,,,,沿用上一版：当前数据待补齐,13305501922.473986,3.401360544217688,True,2025-06-17,,未知,所属行业批量超时,,,,,,,,,,
600197,伊力特,10.03,10.03,10.04,10.3,10.3,10.31,9.98,8857173.0,89030920.0,-2.621,-0.27,10.03,12.788083333333336,-21.56760525749885,True,2026-06-17,26.80431034482758,1.194047619047619,43.798828125,0.048828125,True,2026-06-17,4745942411.460593,,,,沿用上一版：当前数据待补齐,4745942411.460593,4.48654037886341,True,2025-07-03,,未知,所属行业批量超时,,,,,,,,,,
600216,浙江医药,11.77,11.77,11.78,11.96,11.95,11.96,11.75,15165885.0,179300101.0,-1.589,-0.19,11.77,14.656,-19.69159388646289,True,2026-06-17,15.066918767507,1.005560224089635,26.12745098039216,4.313725490196078,True,2026-06-17,11318476317.499992,,,,沿用上一版：当前数据待补齐,11318476317.499992,3.143585386576041,True,2025-07-21,,未知,所属行业批量超时,,,,,,,,,,
600219,南山铝业,4.63,4.62,4.63,4.69,4.67,4.72,4.59,140938373.0,655238271.0,-1.279,-0.06,4.63,6.001250000000001,-22.849406373672167,True,2026-06-17,12.86573741007194,1.040917266187051,44.18377321603128,78.88563049853371,False,2026-06-17,53169538218.13669,,,,沿用上一版：当前数据待补齐,53169538218.13669,9.382289416846652,True,2026-05-20,,未知,所属行业批量超时,,,,,,,,,,
600248,陕建股份,2.93,2.92,2.93,2.95,2.95,2.96,2.86,18860805.0,54894560.0,-0.678,-0.02,2.93,3.473333333333333,-15.6429942418426,True,2026-06-17,9.890376100198305,0.3957183908045975,53.73647984267453,0.0490677134445534,True,2026-06-17,10957424387.744246,,,,沿用上一版：当前数据待补齐,10957424387.744246,3.071672354948805,True,2025-07-17,,未知,所属行业批量超时,,,,,,,,,,
600273,嘉化能源,6.95,6.95,6.96,7.04,7.0,7.04,6.92,13625439.0,94681496.0,-1.278,-0.09,6.95,9.222833333333334,-24.64354771671757,True,2026-06-17,11.17518610421836,0.9226426799007438,59.88286969253295,0.1464128843338213,True,2026-06-17,9113598397.624071,,,,沿用上一版：当前数据待补齐,9113598397.624071,6.474820143884892,True,2026-05-25,,未知,所属行业批量超时,,,,,,,,,,
600300,维维股份,3.0,3.0,3.01,3.07,3.06,3.07,2.98,21378700.0,64252848.0,-2.28,-0.07,3.0,3.44275,-12.86035872485658,True,2026-06-17,13.947513812154694,1.3093922651933696,5.154639175257731,4.418262150220913,True,2026-06-17,4851426540.331491,,,,沿用上一版：当前数据待补齐,4851426540.331491,3.4666666666666672,True,2026-05-28,,未知,所属行业批量超时,,,,,,,,,,
600346,恒力石化,17.82,17.81,17.82,17.77,17.52,18.4,17.5,46359301.0,829623987.0,0.281,0.05,17.82,22.137833333333333,-19.504317646261683,True,2026-06-17,14.03951764180437,1.7748369807949964,40.8004158004158,22.06457925636008,True,2026-06-17,125436758186.88625,,,,沿用上一版：当前数据待补齐,125436758186.88625,4.601571268237935,True,2026-06-02,,未知,所属行业批量超时,,,,,,,,,,
600371,万向德农,6.66,6.66,6.67,6.89,6.88,6.88,6.65,4696930.0,31503264.0,-3.338,-0.23,6.66,8.683249999999997,-23.30060749143464,True,2026-06-17,351.54302654120096,3.635504587155965,98.6738703339882,8.9128305582762,True,2026-06-17,1948569480.0,,,,沿用上一版：当前数据待补齐,1948569480.0,3.7537537537537538,True,2026-05-26,,未知,所属行业批量超时,,,,,,,,,,
600422,昆药集团,8.2,8.19,8.2,8.38,8.39,8.39,8.18,5366934.0,44203908.0,-2.148,-0.18,8.2,11.169416666666669,-26.5852439324644,True,2026-06-17,52.74899470899473,1.1887830687830678,98.38945827232796,0.0488042947779404,True,2026-06-17,6207201207.703701,,,,沿用上一版：当前数据待补齐,6207201207.703701,3.6585365853658542,True,2025-07-30,,未知,所属行业批量超时,,,,,,,,,,
600475,XD华光环,15.48,15.47,15.48,15.92,15.96,15.96,15.41,8763810.0,136616097.0,-2.764,-0.44,15.48,18.87725,-17.996530214941263,True,2026-06-17,39.50068965517242,1.7063877897117017,99.13617886178862,90.14222658165768,False,2026-06-17,14798349484.911242,,,,沿用上一版：当前数据待补齐,14798349484.911242,4.521963824289405,True,2026-06-17,,未知,所属行业批量超时,,,,,,,,,,
600496,精工钢构,3.45,3.44,3.45,3.48,3.49,3.5,3.4,24917420.0,85520538.0,-0.862,-0.03,3.45,4.217083333333333,-18.18990218357869,True,2026-06-17,10.85807600950119,0.7375296912114016,14.997533300444005,17.809570794277256,True,2026-06-17,6865931846.579574,,,,沿用上一版：当前数据待补齐,6865931846.579574,8.695652173913043,True,2026-06-15,,未知,所属行业批量超时,,,,,,,,,,
600507,方大特钢,4.11,4.11,4.12,4.18,4.18,4.2,4.09,22642073.0,93316117.0,-1.675,-0.07,4.11,5.789,-29.003282086716176,True,2026-06-17,11.883730297723291,0.928528896672504,61.328125,0.830078125,True,2026-06-17,9507202227.971989,,,,沿用上一版：当前数据待补齐,9507202227.971989,4.8661800486618,True,2026-05-29,,未知,所属行业批量超时,,,,,,,,,,
600519,贵州茅台,1240.0,1240.0,1240.02,1255.67,1258.0,1259.77,1238.56,4480330.0,5581256291.0,-1.248,-15.67,1240.0,1394.50475,-11.07954275523264,True,2026-06-17,18.776247459923223,5.734928877850532,0.2942618930848455,0.0490436488474742,True,2026-06-17,1552815066600.1345,,,,沿用上一版：当前数据待补齐,1552815066600.1345,4.163709677419355,True,2025-12-19,,未知,所属行业批量超时,,,,,,,,,,
600559,老白干酒,12.1,12.1,12.11,12.25,12.3,12.35,11.97,7761984.0,93768279.0,-1.224,-0.15,12.1,14.49575,-16.527257989410682,True,2026-06-17,24.99183823529409,2.019632352941178,24.89019033674964,0.1952171791117618,True,2026-06-17,11068444072.044115,,,,沿用上一版：当前数据待补齐,11068444072.044115,4.545454545454546,True,2025-06-20,,未知,所属行业批量超时,,,,,,,,,,
600585,海螺水泥,18.24,18.23,18.24,18.23,18.23,18.44,18.08,32215433.0,587462619.0,0.055,0.01,18.24,22.48133333333333,-18.86602218136529,True,2026-06-17,12.440304182509491,0.5028136882129279,72.67839687194527,0.0977517106549364,True,2026-06-17,96659279040.82124,,,,沿用上一版：当前数据待补齐,96659279040.82124,5.208333333333334,True,2025-09-30,,未知,所属行业批量超时,,,,,,,,,,
600587,新华医疗,12.19,12.18,12.19,12.44,12.44,12.44,12.16,6289466.0,76916694.0,-2.01,-0.25,12.19,14.584666666666667,-16.4190702564337,True,2026-06-17,15.093226511289137,0.9411070648215586,25.24123920771966,0.0488758553274682,True,2026-06-17,7394997052.514202,,,,沿用上一版：当前数据待补齐,7394997052.514202,4.101722723543888,True,2025-10-24,,未知,所属行业批量超时,,,,,,,,,,
600612,老凤祥,34.87,34.87,34.95,35.3,35.3,35.3,34.75,899532.0,31388323.0,-1.218,-0.43,34.87,41.76575,-16.510537940776835,True,2026-06-17,10.803036942675158,1.3326114649681535,0.3416300634455832,0.1952171791117618,True,2026-06-17,18241116430.680004,,,,沿用上一版：当前数据待补齐,18241116430.680004,5.878979065098939,True,2025-09-26,,未知,所属行业批量超时,,,,,,,,,,
600662,外服控股,4.24,4.24,4.25,4.25,4.24,4.25,4.19,8635239.0,36405239.0,-0.235,-0.01,4.24,5.221,-18.78950392645087,True,2026-06-17,14.28166336633664,1.7883564356435626,13.28334226031066,25.65982404692082,True,2026-06-17,9681859270.209902,,,,沿用上一版：当前数据待补齐,9681859270.209902,5.660377358490566,True,2025-08-15,,未知,所属行业批量超时,,,,,,,,,,
600663,陆家嘴,6.79,6.79,6.8,6.72,6.72,6.86,6.6,9077179.0,61178049.0,1.042,0.07,6.79,7.850583333333333,-13.509611812285703,True,2026-06-17,43.037908343125736,1.356404230317274,82.72148800783162,0.2936857562408223,True,2026-06-17,34188693480.178627,,,,沿用上一版：当前数据待补齐,34188693480.178627,3.096612665684831,True,2026-06-16,,未知,所属行业批量超时,,,,,,,,,,
600681,百川能源,3.41,3.41,3.42,3.46,3.45,3.46,3.39,12078840.0,41180752.0,-1.445,-0.05,3.41,4.142833333333333,-17.689182121736323,True,2026-06-17,18.6605060240964,1.2407469879518085,95.2007835455436,6.072477962781587,True,2026-06-17,4572314902.510843,,,,沿用上一版：当前数据待补齐,4572314902.510843,4.39882697947214,True,2026-06-04,,未知,所属行业批量超时,,,,,,,,,,
600720,中交设计,5.43,5.42,5.43,5.47,5.47,5.49,5.32,13384503.0,72172301.0,-0.731,-0.04,5.43,6.902166666666667,-21.32905126409582,True,2026-06-17,8.694512743628186,0.7815292353823085,28.59237536656892,0.0488758553274682,True,2026-06-17,12459653918.316343,,,,沿用上一版：当前数据待补齐,12459653918.316343,4.21731123388582,True,2025-08-18,,未知,所属行业批量超时,,,,,,,,,,
600729,重百集团,19.97,19.96,19.97,20.66,20.66,20.78,19.91,3397869.0,68799896.0,-3.34,-0.69,19.97,22.98208333333333,-13.10622405134434,True,2026-06-17,10.355161895823557,1.0776865321445337,39.23865300146413,0.7808687164470474,True,2026-06-17,8795847947.811821,,,,沿用上一版：当前数据待补齐,8795847947.811821,7.616725087631448,True,2026-01-16,,未知,所属行业批量超时,,,,,,,,,,
600731,湖南海利,5.41,5.41,5.42,5.51,5.48,5.52,5.37,7299700.0,39517467.0,-1.815,-0.1,5.41,6.88125,-21.380563124432328,True,2026-06-17,13.050014880952382,0.941919642857143,36.54127992183683,4.103566194430874,True,2026-06-17,3022796470.9464307,,,,沿用上一版：当前数据待补齐,3022796470.9464307,3.696857670979667,True,2025-07-04,,未知,所属行业批量超时,,,,,,,,,,
600737,中粮糖业,13.27,13.26,13.27,13.24,13.3,13.55,13.11,17339558.0,229753655.0,0.227,0.03,13.27,15.48625,-14.311082411816932,True,2026-06-17,28.66627413127412,2.442226512226513,61.94906953966699,85.30852105778648,False,2026-06-17,28382515985.45754,,,,沿用上一版：当前数据待补齐,28382515985.45754,3.089675960813865,True,2025-08-13,,未知,所属行业批量超时,,,,,,,,,,
600741,华域汽车,16.24,16.23,16.24,16.49,16.48,16.58,16.14,20353281.0,330422344.0,-1.516,-0.25,16.24,18.96475,-14.367444864814994,True,2026-06-17,7.136026200873362,0.7534934497816594,6.552567237163815,0.3911980440097799,True,2026-06-17,51200237500.266365,,,,沿用上一版：当前数据待补齐,51200237500.266365,4.9261083743842375,True,2025-07-25,,未知,所属行业批量超时,,,,,,,,,,
600742,富维股份,7.72,7.71,7.72,7.99,7.94,7.95,7.71,4778918.0,37284597.0,-3.379,-0.27,7.72,9.620583333333334,-19.755385588192,True,2026-06-17,12.803127572016454,0.6751028806584362,58.13385442110406,1.6609672691744015,True,2026-06-17,5736406833.917694,,,,沿用上一版：当前数据待补齐,5736406833.917694,9.974093264248705,True,2026-05-29,,未知,所属行业批量超时,,,,,,,,,,
600754,锦江酒店,19.8,19.8,19.81,20.04,20.02,20.11,19.65,7167668.0,141873271.0,-1.198,-0.24,19.8,25.287750000000003,-21.70121896965923,True,2026-06-17,20.57420965058237,1.3095673876871887,8.370535714285714,0.2928257686676427,True,2026-06-17,21112709191.39768,,,,沿用上一版：当前数据待补齐,21112709191.39768,4.494949494949494,True,2026-05-21,,未知,所属行业批量超时,,,,,,,,,,
600757,XD长江传,7.55,7.55,7.56,7.64,7.64,7.65,7.44,8283890.0,62184399.0,-1.178,-0.09,7.55,8.767833333333332,-13.889786530309644,True,2026-06-17,9.660846867749418,0.8846287703016243,34.24791768740813,30.279274865262128,False,2026-06-17,9163059560.922268,,,,沿用上一版：当前数据待补齐,9163059560.922268,5.43046357615894,True,2026-06-17,,未知,所属行业批量超时,,,,,,,,,,
600779,水井坊,28.81,28.8,28.81,29.13,29.1,29.29,28.4,4082819.0,117010290.0,-1.099,-0.32,28.81,35.38999999999999,-18.592822831308265,True,2026-06-17,36.32870731707318,2.6614115853658564,62.664714494875554,0.0976085895558809,True,2026-06-17,14044967134.028667,,,,沿用上一版：当前数据待补齐,14044967134.028667,3.366886497743838,True,2025-08-12,,未知,所属行业批量超时,,,,,,,,,,
600782,新钢股份,2.59,2.59,2.6,2.65,2.65,2.65,2.58,28041843.0,72908072.0,-2.264,-0.06,2.59,3.5549166666666667,-27.14315853629949,True,2026-06-17,8.487283909199995,0.3257861635220118,69.47904869762175,0.3904343582235237,True,2026-06-17,8246617366.056606,,,,沿用上一版：当前数据待补齐,8246617366.056606,5.5984555984556,True,2026-06-05,,未知,所属行业批量超时,,,,,,,,,,
600801,华新建材,19.0,19.0,19.02,19.06,19.05,19.54,18.63,19748673.0,375284465.0,-0.315,-0.06,19.0,22.292916666666667,-14.771134328916135,True,2026-06-17,12.156011450381689,1.2056297709923658,78.21201758671225,32.82852955544699,False,2026-06-17,39500917330.96375,,,,沿用上一版：当前数据待补齐,39500917330.96375,5.315789473684211,True,2026-06-16,,未知,所属行业批量超时,,,,,,,,,,
600803,新奥股份,16.59,16.58,16.59,16.89,16.9,17.05,16.53,14579329.0,243882802.0,-1.776,-0.3,16.59,20.57483333333333,-19.36751209001288,True,2026-06-17,11.779881656804738,2.1187426035502965,45.04682109413504,26.02267126663381,True,2026-06-17,51359074925.162735,,,,沿用上一版：当前数据待补齐,51359074925.162735,7.293550331525016,True,2025-10-16,,未知,所属行业批量超时,,,,,,,,,,
600809,山西汾酒,117.7,117.69,117.7,117.35,117.41,119.96,115.54,8967680.0,1050504107.0,0.298,0.35,117.7,152.10475,-22.61911610255433,True,2026-06-17,13.075007062146902,3.1918644067796613,0.1464128843338213,0.1464128843338213,True,2026-06-17,143589788929.23392,,,,沿用上一版：当前数据待补齐,143589788929.23392,3.058623619371283,True,2025-07-07,,未知,所属行业批量超时,,,,,,,,,,
600817,宇通重工,9.12,9.12,9.14,9.14,9.12,9.17,8.99,2509600.0,22741570.0,-0.219,-0.02,9.12,11.37275,-19.80831373238663,True,2026-06-17,16.082072538860103,1.866528497409327,9.359903381642512,2.840352595494613,True,2026-06-17,4863735635.772017,,,,沿用上一版：当前数据待补齐,4863735635.772017,8.55263157894737,True,2026-06-15,,未知,所属行业批量超时,,,,,,,,,,
600861,XD北京人,13.03,13.02,13.03,13.27,13.26,13.3,12.97,4130921.0,53990164.0,-1.809,-0.24,13.03,16.741,-22.167134579774206,True,2026-06-17,8.762961104140523,0.972754077791719,3.977798334875116,6.884765625,True,2026-06-17,7376448715.605391,,,,沿用上一版：当前数据待补齐,7376448715.605391,13.29470452801228,True,2026-06-17,,未知,所属行业批量超时,,,,,,,,,,
600866,星湖科技,4.82,4.81,4.82,4.79,4.8,4.87,4.7,20712569.0,98900318.0,0.626,0.03,4.82,6.68925,-27.94408939716709,True,2026-06-17,17.492450331125863,0.981556291390728,40.98173515981735,3.4163006344558324,True,2026-06-17,8008298009.407282,,,,沿用上一版：当前数据待补齐,8008298009.407282,7.883817427385892,True,2025-06-23,,未知,所属行业批量超时,,,,,,,,,,
600933,爱柯迪,15.44,15.44,15.45,14.79,14.8,16.0,14.67,23673183.0,363455639.0,4.395,0.65,15.44,17.770500000000002,-13.11443122028082,True,2026-06-17,14.04029099048685,1.6157134862898714,5.056455571919489,2.503681885125184,True,2026-06-17,15905258228.8976,,,,沿用上一版：当前数据待补齐,15905258228.8976,4.533678756476684,True,2026-06-16,,未知,所属行业批量超时,,,,,,,,,,
600968,海油发展,3.8,3.8,3.81,3.83,3.83,3.83,3.78,29512594.0,112158500.0,-0.783,-0.03,3.8,4.2665,-10.934020860189852,True,2026-06-17,9.831026252983296,1.2787589498806682,0.059880239520958,15.149700598802395,True,2026-06-17,38627395956.37231,,,,沿用上一版：当前数据待补齐,38627395956.37231,3.552631578947369,True,2025-06-26,,未知,所属行业批量超时,,,,,,,,,,
600970,中材国际,8.58,8.58,8.59,8.62,8.62,8.69,8.41,25072344.0,213909185.0,-0.464,-0.04,8.58,10.119583333333336,-15.21390044056492,True,2026-06-17,8.478077753779695,0.9636285097192232,33.57735480722304,1.4153245485602732,True,2026-06-17,22495211515.697628,,,,沿用上一版：当前数据待补齐,22495211515.697628,5.594405594405594,True,2026-06-11,,未知,所属行业批量超时,,,,,,,,,,
600983,惠而浦,8.97,8.97,8.98,8.79,8.8,8.97,8.75,6562400.0,58134572.0,2.048,0.18,8.97,10.26775,-12.63908840787903,True,2026-06-17,13.776385026737964,2.235304812834225,6.275303643724696,73.40165934602246,True,2026-06-17,6874957829.999999,,,,沿用上一版：当前数据待补齐,6874957829.999999,3.232998885172797,True,2025-06-27,,未知,所属行业批量超时,,,,,,,,,,
601018,宁波港,3.34,3.34,3.35,3.32,3.32,3.35,3.29,43131254.0,143445299.0,0.602,0.02,3.34,3.741,-10.719059075113602,True,2026-06-17,12.587180851063827,0.7905851063829786,0.7850834151128557,0.2944062806673209,True,2026-06-17,64977657252.44679,,,,沿用上一版：当前数据待补齐,64977657252.44679,3.592814371257485,True,2026-05-25,,未知,所属行业批量超时,,,,,,,,,,
601065,江盐集团,7.23,7.23,7.24,7.29,7.3,7.31,7.2,2463400.0,17840942.0,-0.823,-0.06,7.23,8.334750000000001,-13.254746693062192,True,2026-06-17,22.963317249698445,1.0291194209891437,97.10144927536231,0.1317523056653491,True,2026-06-17,4647271051.248492,,,,沿用上一版：当前数据待补齐,4647271051.248492,3.042876901798064,True,2025-06-23,,未知,所属行业批量超时,,,,,,,,,,
601311,骆驼股份,8.25,8.25,8.26,8.43,8.35,8.39,8.21,12582986.0,104156937.0,-2.135,-0.18,8.25,9.415166666666666,-12.375422633693857,True,2026-06-17,12.72785132382892,0.9493380855397144,3.0511811023622046,4.7736220472440944,True,2026-06-17,9678455473.701632,,,,沿用上一版：当前数据待补齐,9678455473.701632,3.5151515151515147,True,2025-07-04,,未知,所属行业批量超时,,,,,,,,,,
601318,中国平安,52.76,52.76,52.79,52.99,53.24,53.34,52.5,65390576.0,3453554961.0,-0.434,-0.23,52.76,61.32966666666666,-13.973117958138792,True,2026-06-17,7.1945454545454455,0.93994671994672,4.105571847507331,17.008797653958943,True,2026-06-17,955359191656.4644,,,,沿用上一版：当前数据待补齐,955359191656.4644,8.188021228203185,True,2026-06-10,,未知,所属行业批量超时,,,,,,,,,,
601390,中国中铁,4.68,4.68,4.69,4.57,4.57,4.74,4.54,236001600.0,1094618074.0,2.407,0.11,4.68,5.337000000000001,-12.310286677908955,True,2026-06-17,5.443143418467586,0.3585854616895869,49.1442542787286,0.4889975550122249,True,2026-06-17,115531518628.07857,,,,沿用上一版：当前数据待补齐,115531518628.07857,5.555555555555556,True,2025-12-23,,未知,所属行业批量超时,,,,,,,,,,
601566,九牧王,9.24,9.24,9.25,9.65,9.56,9.59,9.21,11638700.0,108581282.0,-4.249,-0.41,9.24,11.776833333333336,-21.54087827797514,True,2026-06-17,30.847773722627743,1.2983211678832125,63.39677891654466,26.35431918008785,True,2026-06-17,5309647265.999997,,,,沿用上一版：当前数据待补齐,5309647265.999997,5.411255411255411,True,2026-06-04,,未知,所属行业批量超时,,,,,,,,,,
601567,三星电气,15.38,15.37,15.38,15.35,15.29,15.44,15.08,18296007.0,278334266.0,0.195,0.03,15.38,23.364916666666662,-34.17481337760674,True,2026-06-17,22.699350583460213,1.8493455098934544,79.64860907759883,46.12005856515373,False,2026-06-17,21612120572.000004,,,,沿用上一版：当前数据待补齐,21612120572.000004,4.096228868660598,True,2026-06-10,,未知,所属行业批量超时,,,,,,,,,,
601601,中国太保,32.19,32.18,32.19,32.5,32.7,32.91,31.89,50004454.0,1611494787.0,-0.954,-0.31,32.19,39.08075,-17.632082291153583,True,2026-06-17,5.740113821138209,0.9683170731707322,0.537109375,10.7421875,True,2026-06-17,309678791436.88617,,,,沿用上一版：当前数据待补齐,309678791436.88617,3.355079217148184,True,2025-07-18,,未知,所属行业批量超时,,,,,,,,,,
601686,友发集团,5.01,5.01,5.03,5.08,5.05,5.08,4.99,4373659.0,21955211.0,-1.378,-0.07,5.01,5.862416666666666,-14.540363047093772,True,2026-06-17,10.898318425760287,1.1023792486583182,2.763256161314413,0.2987303958177745,True,2026-06-17,7372450670.758502,,,,沿用上一版：当前数据待补齐,7372450670.758502,5.9880239520958085,True,2026-01-21,,未知,所属行业批量超时,,,,,,,,,,
601717,中创智领,17.85,17.85,17.86,17.95,17.94,18.02,17.72,19821469.0,353771851.0,-0.557,-0.1,17.85,21.77925,-18.04125486414821,True,2026-06-17,7.774492594624241,1.2729018102029623,16.642264519277695,55.05124450951684,True,2026-06-17,31869388750.59793,,,,沿用上一版：当前数据待补齐,31869388750.59793,6.274509803921567,True,2025-07-25,,未知,所属行业批量超时,,,,,,,,,,
601800,中国交建,6.39,6.38,6.39,6.17,6.16,6.53,6.05,124537159.0,781520692.0,3.566,0.22,6.39,7.5955,-15.871239549733406,True,2026-06-17,7.769869565217387,0.3611739130434775,65.00732064421669,0.7808687164470474,True,2026-06-17,103994976598.21304,,,,沿用上一版：当前数据待补齐,103994976598.21304,4.372613458528953,True,2026-01-09,,未知,所属行业批量超时,,,,,,,,,,
601801,皖新传媒,5.2,5.2,5.21,5.23,5.23,5.23,5.15,11637283.0,60335828.0,-0.574,-0.03,5.2,6.349083333333334,-18.098413156754912,True,2026-06-17,13.579672131147548,0.8354098360655731,16.650390625,3.955078125,True,2026-06-17,10181242432.655745,,,,沿用上一版：当前数据待补齐,10181242432.655745,3.8461538461538463,True,2026-01-09,,未知,所属行业批量超时,,,,,,,,,,
601811,新华文轩,11.72,11.72,11.73,11.86,11.86,11.86,11.61,2482000.0,29058183.0,-1.18,-0.14,11.72,13.85925,-15.435539441167446,True,2026-06-17,9.232906976744186,0.9284011627906984,17.760236803157376,1.3813517513566849,True,2026-06-17,14460616520.000002,,,,沿用上一版：当前数据待补齐,14460616520.000002,5.2047781569965865,True,2026-06-12,,未知,所属行业批量超时,,,,,,,,,,
601857,中国石油,9.77,9.77,9.78,9.95,9.91,9.93,9.73,140183385.0,1376442353.0,-1.809,-0.18,9.77,11.085166666666664,-11.864202913803712,True,2026-06-17,11.307544964028777,1.0982464028776977,46.9758064516129,72.61492832427089,False,2026-06-17,1788114953281.7195,,,,沿用上一版：当前数据待补齐,1788114953281.7195,4.810644831115661,True,2025-09-17,,未知,所属行业批量超时,,,,,,,,,,
601900,南方传媒,11.61,11.61,11.62,11.78,11.74,11.74,11.58,3609852.0,42011583.0,-1.443,-0.17,11.61,13.499,-13.993629157715382,True,2026-06-17,10.007985725614592,1.1232513877874706,24.89019033674964,26.061493411420205,True,2026-06-17,10239672791.026966,,,,沿用上一版：当前数据待补齐,10239672791.026966,4.737295434969854,True,2025-07-28,,未知,所属行业批量超时,,,,,,,,,,
601952,苏垦农发,8.24,8.24,8.25,8.34,8.34,8.35,8.22,6675404.0,55062539.0,-1.199,-0.1,8.24,9.489833333333335,-13.170234812694304,True,2026-06-17,22.066873065015468,1.607182662538699,64.78942213516162,2.007835455435848,True,2026-06-17,11354720000.000002,,,,沿用上一版：当前数据待补齐,11354720000.000002,3.2766990291262137,True,2025-10-17,,未知,所属行业批量超时,,,,,,,,,,
601992,金隅集团,1.5,1.5,1.51,1.52,1.52,1.52,1.5,32284848.0,48577043.0,-1.316,-0.02,1.5,1.7895,-16.177703269069575,True,2026-06-17,634.0009252690359,0.4082840236686385,97.17114568599716,7.380254154447703,True,2026-06-17,16016656700.591722,,,,沿用上一版：当前数据待补齐,16016656700.591722,3.333333333333333,True,2025-07-09,,未知,所属行业批量超时,,,,,,,,,,
603017,中衡设计,11.07,11.06,11.07,10.88,10.8,11.45,10.73,13627200.0,151157062.0,1.746,0.19,11.07,12.958166666666669,-14.571248504803924,True,2026-06-17,62.86486518873576,2.049508687837028,89.19977616116395,81.90335305719921,False,2026-06-17,3057426543.397245,,,,沿用上一版：当前数据待补齐,3057426543.397245,3.161698283649503,True,2026-06-11,,未知,所属行业批量超时,,,,,,,,,,
603027,千禾味业,7.74,7.74,7.75,7.85,7.84,7.87,7.74,8006660.0,62175201.0,-1.401,-0.11,7.74,9.362666666666666,-17.331244659641122,True,2026-06-17,30.78626262626264,2.936161616161619,32.25963884821864,0.4880429477794046,True,2026-06-17,10318390688.949488,,,,沿用上一版：当前数据待补齐,10318390688.949488,7.751937984496124,True,2025-10-23,,未知,所属行业批量超时,,,,,,,,,,
603035,常熟汽饰,11.08,11.08,11.09,11.49,11.45,11.47,10.96,7310804.0,81490258.0,-3.568,-0.41,11.08,14.289166666666668,-22.45873913804165,True,2026-06-17,12.29659543109802,0.7511864406779664,38.213762811127374,0.0488042947779404,True,2026-06-17,4059125646.7266026,,,,沿用上一版：当前数据待补齐,4059125646.7266026,4.601263537906138,True,2026-06-09,,未知,所属行业批量超时,,,,,,,,,,
603037,凯众股份,11.4,11.4,11.41,11.66,11.69,11.74,11.35,5203872.0,59524063.0,-2.23,-0.26,11.4,14.73525,-22.63449890568535,True,2026-06-17,43.10722070844688,3.05967302452316,94.00785854616896,74.41060903732809,False,2026-06-17,3042902820.0000014,,,,沿用上一版：当前数据待补齐,3042902820.0000014,4.824561403508772,True,2026-06-12,,未知,所属行业批量超时,,,,,,,,,,
603043,广州酒家,13.39,13.38,13.39,13.71,13.71,13.83,13.39,2687291.0,36236914.0,-2.334,-0.32,13.39,16.28258333333333,-17.76489193463362,True,2026-06-17,15.549677419354843,1.904042132982227,1.07369448511469,0.0488042947779404,True,2026-06-17,7615841078.994076,,,,沿用上一版：当前数据待补齐,7615841078.994076,3.734129947722181,True,2026-05-29,,未知,所属行业批量超时,,,,,,,,,,
603062,麦加芯彩,41.4,41.38,41.4,41.46,41.72,41.72,41.05,415500.0,17151294.0,-0.145,-0.06,41.4,48.44624999999999,-14.544469386175384,True,2026-06-17,26.282022471910093,2.122331460674159,66.18122977346277,34.46601941747573,False,2026-06-17,4471200000.0,,,,沿用上一版：当前数据待补齐,4471200000.0,4.130434782608696,True,2026-05-15,,未知,所属行业批量超时,,,,,,,,,,
603096,新经典,15.0,15.0,15.01,15.11,15.26,15.35,14.87,1437020.0,21696048.0,-0.728,-0.11,15.0,17.8645,-16.03459374737608,True,2026-06-15,31.626409017713367,1.2318840579710149,66.12586037364798,0.344149459193707,True,2026-06-15,2313519359.903384,,,,沿用上一版：当前数据待补齐,2313519359.903384,4.0,True,2026-06-05,,未知,所属行业批量超时,,,,,,,,,,
603100,川仪股份,18.0,18.0,18.01,18.27,18.26,18.52,17.85,5566058.0,100856325.0,-1.478,-0.27,18.0,21.73858333333333,-17.19791614755638,True,2026-06-15,14.400000000000002,1.924752475247524,40.84025403028823,35.36883243771373,False,2026-06-15,9237117167.821796,,,,沿用上一版：当前数据待补齐,9237117167.821796,4.361111111111111,True,2026-05-25,,未知,所属行业批量超时,,,,,,,,,,
603113,XD金能科,4.84,4.84,4.85,4.83,4.88,4.93,4.81,7226566.0,35088691.0,0.207,0.01,4.84,6.537166666666667,-25.9618081227851,True,2026-06-15,186.3381245747114,0.56006908462867,92.97834991222938,5.5202735710796285,True,2026-06-15,4106694581.740932,,,,沿用上一版：当前数据待补齐,4106694581.740932,8.326446280991734,True,2026-06-15,,未知,所属行业批量超时,,,,,,,,,,
603187,海容冷链,12.54,12.54,12.55,12.38,12.52,12.61,12.41,3918712.0,48983656.0,1.292,0.16,12.54,14.941666666666666,-16.07361963190185,True,2026-06-15,12.455725806451603,1.129274193548387,6.421514818880351,14.1602634467618,True,2026-06-15,4845657981.645161,,,,沿用上一版：当前数据待补齐,4845657981.645161,8.373205741626794,True,2026-06-11,,未知,所属行业批量超时,,,,,,,,,,
603202,天有为,64.56,64.56,64.57,64.5,64.49,65.35,63.9,676000.0,43624894.0,0.093,0.06,64.56,88.52508333333334,-27.07151739478736,True,2026-06-05,12.772516015575937,1.5002637859565373,1.1152416356877324,1.1152416356877324,True,2026-06-05,10329600000.0,,,,沿用上一版：当前数据待补齐,10329600000.0,5.405824039653036,True,2025-10-16,,未知,所属行业批量超时,,,,,,,,,,
603207,小方制药,22.77,22.71,22.77,22.49,22.52,22.97,22.45,862900.0,19600724.0,1.245,0.28,22.77,27.953416666666666,-18.54305228043084,True,2026-06-05,17.98351351351352,3.1795945945945947,2.823529411764706,1.8823529411764703,True,2026-06-05,3661871400.0000014,,,,沿用上一版：当前数据待补齐,3661871400.0000014,9.661835748792273,True,2025-10-20,,未知,所属行业批量超时,,,,,,,,,,
603218,日月股份,11.14,11.13,11.14,11.19,11.1,11.34,11.03,7946779.0,88877535.0,-0.447,-0.05,11.14,13.571416666666668,-17.915717469927607,True,2026-06-05,22.183283346487794,1.0990528808208373,17.59213759213759,4.0294840294840295,True,2026-06-05,11478001525.43962,,,,沿用上一版：当前数据待补齐,11478001525.43962,3.141831238779174,True,2025-07-16,,未知,所属行业批量超时,,,,,,,,,,
603230,内蒙新华,9.9,9.89,9.9,9.7,9.7,9.97,9.69,1817700.0,17883640.0,2.062,0.2,9.9,11.856916666666669,-16.50443130943261,True,2026-06-05,42.450548446069455,1.239762340036564,98.23091247672254,0.5586592178770949,True,2026-06-05,3499877700.0000043,,,,沿用上一版：当前数据待补齐,3499877700.0000043,4.848484848484848,True,2025-06-19,,未知,所属行业批量超时,,,,,,,,,,
603277,XD银都股,11.44,11.43,11.44,11.18,11.29,11.5,11.15,1325855.0,15031064.0,2.326,0.26,11.44,15.14575,-24.467259792351005,True,2026-06-05,21.379672131147544,2.4636065573770507,70.5046545810877,25.477707006369428,True,2026-06-05,7020720049.114753,,,,沿用上一版：当前数据待补齐,7020720049.114753,10.48951048951049,True,2026-06-05,,未知,所属行业批量超时,,,,,,,,,,
603279,景津装备,14.02,14.02,14.03,13.98,14.01,14.32,13.8,8700337.0,122315661.0,0.286,0.04,14.02,17.34625,-19.175614325862945,True,2026-06-05,16.931619348054685,1.7396004206098858,39.201451905626136,0.1209921355111917,True,2026-06-05,8080749460.000001,,,,沿用上一版：当前数据待补齐,8080749460.000001,5.706134094151213,True,2026-06-01,,未知,所属行业批量超时,,,,,,,,,,
603309,维力医疗,11.57,11.56,11.57,11.49,11.54,11.65,11.51,3863936.0,44763344.0,0.696,0.08,11.57,14.086583333333332,-17.865108051988,True,2026-06-05,43.65638028169016,1.849570422535212,86.4039408866995,8.916256157635468,True,2026-06-05,3376952306.585917,,,,沿用上一版：当前数据待补齐,3376952306.585917,4.32152117545376,True,2026-05-28,,未知,所属行业批量超时,,,,,,,,,,
603321,梅轮电梯,6.59,6.59,6.6,6.43,6.42,6.68,6.35,4546400.0,29693021.0,2.488,0.16,6.59,7.665416666666666,-14.029461325216063,True,2026-06-05,66.54355468750002,1.5874348958333326,89.97050147492625,2.409046214355949,True,2026-06-05,2299181600.778645,,,,沿用上一版：当前数据待补齐,2299181600.778645,3.0349013657056148,True,2025-06-23,,未知,所属行业批量超时,,,,,,,,,,
603326,我乐家居,7.3,7.29,7.3,7.16,7.17,7.37,7.1,2670600.0,19377832.0,1.955,0.14,7.3,9.00325,-18.918168439174742,True,2026-06-05,16.2668618266979,1.9574941451990613,30.17193566278425,10.87702106810387,True,2026-06-05,2329991588.829041,,,,沿用上一版：当前数据待补齐,2329991588.829041,9.58904109589041,True,2026-05-22,,未知,所属行业批量超时,,,,,,,,,,
603357,设计总院,6.91,6.91,6.92,6.86,6.86,6.97,6.84,2545520.0,17581286.0,0.729,0.05,6.91,8.004333333333333,-13.67176112938825,True,2026-06-05,12.90597883597884,0.968862433862434,64.42590775269872,0.2453385672227674,True,2026-06-05,3873593351.153439,,,,沿用上一版：当前数据待补齐,3873593351.153439,5.065123010130246,True,2025-10-27,,未知,所属行业批量超时,,,,,,,,,,
603367,辰欣药业,13.46,13.46,13.47,13.31,13.41,13.6,13.37,3952900.0,53324090.0,1.127,0.15,13.46,16.713583333333336,-19.46670123602061,True,2026-06-05,14.92024250159541,0.9620421186981496,51.78833904948554,0.7839294463498285,True,2026-06-05,6094070575.970649,,,,沿用上一版：当前数据待补齐,6094070575.970649,4.219910846953937,True,2026-06-03,,未知,所属行业批量超时,,,,,,,,,,
603369,今世缘,25.93,25.93,25.94,26.76,27.01,27.49,25.85,17789323.0,468210042.0,-3.102,-0.83,25.93,30.75658333333333,-15.69284624700944,True,2026-06-05,13.790003554923574,1.7974937788837544,3.625673689367957,0.2449779519843214,True,2026-06-05,32329524959.58514,,,,沿用上一版：当前数据待补齐,32329524959.58514,9.255688391824142,True,2026-06-04,,未知,所属行业批量超时,,,,,,,,,,
603381,永臻股份,18.45,18.44,18.45,18.46,18.36,18.71,17.92,4319638.0,79275313.0,-0.054,-0.01,18.45,23.07625,-20.04766805698499,True,2026-06-05,47.633391498533065,1.3064635652531904,72.54464285714286,5.470459518599562,True,2026-06-05,4377379215.049404,,,,沿用上一版：当前数据待补齐,4377379215.049404,3.0352303523035227,True,2025-06-20,,未知,所属行业批量超时,,,,,,,,,,
603408,建霖家居,10.17,10.15,10.17,10.1,10.1,10.26,10.06,2270600.0,23065711.0,0.693,0.07,10.17,12.462666666666667,-18.396276880282446,True,2026-06-05,11.058060453400495,1.29793450881612,16.348195329087048,0.1415428167020523,True,2026-06-05,4551817410.0,,,,沿用上一版：当前数据待补齐,4551817410.0,11.2094395280236,True,2026-06-03,,未知,所属行业批量超时,,,,,,,,,,
603511,XD爱慕股,13.05,13.02,13.05,12.89,12.88,13.16,12.83,1552300.0,20181151.0,1.241,0.16,13.05,14.97725,-12.86784957185063,True,2026-06-05,32.90246913580248,1.1814814814814816,74.00332225913621,13.372093023255813,True,2026-06-05,5272860486.635802,,,,沿用上一版：当前数据待补齐,5272860486.635802,5.900383141762452,True,2026-06-05,,未知,所属行业批量超时,,,,,,,,,,
603529,爱玛科技,21.56,21.5,21.56,20.73,20.74,22.02,20.74,9546789.0,204723369.0,4.004,0.83,21.56,28.004,-23.010998428795894,True,2026-06-05,11.504822269807278,1.892847965738756,12.614107883817429,0.9128630705394192,True,2026-06-05,18711772692.197014,,,,沿用上一版：当前数据待补齐,18711772692.197014,8.181818181818182,True,2026-05-28,,未知,所属行业批量超时,,,,,,,,,,
603566,普莱柯,10.43,10.43,10.44,10.35,10.34,10.51,10.29,2033005.0,21178849.0,0.773,0.08,10.43,12.732833333333334,-18.08578870898072,True,2026-06-05,20.88676646706589,1.3650898203592814,1.9598236158745712,0.0979911807937285,True,2026-06-05,3609429507.059885,,,,沿用上一版：当前数据待补齐,3609429507.059885,5.752636625119846,True,2025-10-17,,未知,所属行业批量超时,,,,,,,,,,
603568,伟明环保,14.99,14.99,15.0,14.46,14.45,15.3,14.18,15039276.0,222270695.0,3.665,0.53,14.99,24.07883333333333,-37.746153260470805,True,2026-06-05,13.236000939849628,1.6765131578947357,9.015188633023028,0.1959823615874571,True,2026-06-05,25634819604.74811,,,,沿用上一版：当前数据待补齐,25634819604.74811,7.204803202134757,True,2026-05-26,,未知,所属行业批量超时,,,,,,,,,,
603569,长久物流,6.0,5.99,6.0,5.86,5.88,6.06,5.85,5297883.0,31597900.0,2.389,0.14,6.0,7.146083333333333,-16.037922871503042,True,2026-06-05,54.13943884785821,1.3660714285714282,46.45669291338583,1.2738853503184715,True,2026-06-05,3621043506.25,,,,沿用上一版：当前数据待补齐,3621043506.25,6.0,True,2025-10-22,,未知,所属行业批量超时,,,,,,,,,,
603589,口子窖,20.3,20.3,20.31,20.47,20.68,21.1,20.28,7031188.0,144658013.0,-0.83,-0.17,20.3,26.761916666666668,-24.14594121621833,True,2026-06-05,31.01292662116042,1.134513651877133,96.37432631063204,0.0489955903968642,True,2026-06-05,12141825281.877125,,,,沿用上一版：当前数据待补齐,12141825281.877125,6.403940886699508,True,2025-07-07,,未知,所属行业批量超时,,,,,,,,,,
603611,诺力股份,18.41,18.41,18.43,17.94,17.95,18.74,17.94,3596189.0,66291940.0,2.62,0.47,18.41,21.3315,-13.695708224925584,True,2026-06-05,12.43844544095665,1.4676631788739414,26.555609995100443,3.2337089661930425,True,2026-06-05,4742430561.970605,,,,沿用上一版：当前数据待补齐,4742430561.970605,4.524714828897338,True,2026-05-08,,未知,所属行业批量超时,,,,,,,,,,
603639,海利尔,11.04,11.03,11.04,11.14,11.16,11.18,10.98,2099905.0,23246012.0,-0.898,-0.1,11.04,13.166583333333332,-16.15136804663321,True,2026-05-29,25.3359548751007,1.1031103948428689,93.713163064833,2.013752455795678,True,2026-05-29,3860116525.653504,,,,沿用上一版：当前数据待补齐,3860116525.653504,4.528985507246378,True,2025-07-18,,未知,所属行业批量超时,,,,,,,,,,
603676,卫信康,9.23,9.23,9.25,9.22,9.2,9.31,9.11,1744100.0,16079056.0,0.108,0.01,9.23,10.746333333333332,-14.110239151338432,True,2026-05-29,18.539039010466222,2.599505233111323,14.320866141732283,5.31496062992126,True,2026-05-29,4016540645.0000014,,,,沿用上一版：当前数据待补齐,4016540645.0000014,3.542795232936078,True,2025-11-26,,未知,所属行业批量超时,,,,,,,,,,
603801,志邦家居,7.45,7.44,7.45,7.51,7.56,7.68,7.41,2885300.0,21714125.0,-0.799,-0.06,7.45,9.146916666666666,-18.551788854167604,True,2026-05-29,47.38546511627909,1.0308720930232564,98.96653543307087,0.0492125984251968,True,2026-05-29,3235917907.4767456,,,,沿用上一版：当前数据待补齐,3235917907.4767456,8.053691275167784,True,2025-06-18,,未知,所属行业批量超时,,,,,,,,,,
603833,欧派家居,39.18,39.18,39.19,37.77,37.83,39.38,37.83,4545169.0,176688933.0,3.733,1.41,39.18,52.34666666666667,-25.1528273051452,True,2026-05-29,12.9464347826087,1.2879957582184514,10.368550368550368,0.2457002457002457,True,2026-05-29,23866609329.01845,,,,沿用上一版：当前数据待补齐,23866609329.01845,9.494640122511486,True,2026-01-09,,未知,所属行业批量超时,,,,,,,,,,
603899,晨光股份,23.05,23.05,23.06,22.32,22.55,23.36,22.39,8458705.0,194938710.0,3.271,0.73,23.05,26.23025,-12.124360232937171,True,2026-05-29,15.970556227327693,2.2018742442563486,1.6224188790560472,0.4916420845624385,True,2026-05-29,21228367189.506256,,,,沿用上一版：当前数据待补齐,21228367189.506256,4.338394793926248,True,2026-05-20,,未知,所属行业批量超时,,,,,,,,,,
603998,XD方盛制,9.9,9.9,9.91,9.77,9.85,10.0,9.8,4903000.0,48613723.0,1.331,0.13,9.9,11.331583333333333,-12.633568418652874,True,2026-05-29,14.185479452054794,2.504383561643836,4.334975369458128,33.34975369458128,True,2026-05-29,4346905464.0,,,,沿用上一版：当前数据待补齐,4346905464.0,6.565656565656567,True,2026-05-29,,未知,所属行业批量超时,,,,,,,,,,
605001,威奥股份,6.39,6.37,6.39,6.54,6.52,6.61,6.35,6211919.0,40199397.0,-2.294,-0.15,6.39,7.602749999999999,-15.951464930452795,True,2026-05-29,30.751875,0.9177127659574472,56.46817248459959,14.610613370089592,True,2026-05-29,2510541540.0000005,,,,沿用上一版：当前数据待补齐,2510541540.0000005,3.129890453834116,True,2025-09-26,,未知,所属行业批量超时,,,,,,,,,,
605050,福然德,10.82,10.82,10.83,10.96,11.08,11.08,10.78,2380300.0,25905147.0,-1.277,-0.14,10.82,13.006666666666668,-16.81189133777551,True,2026-05-29,14.36201091192517,1.197537022603273,25.38405267008047,13.97220190197513,True,2026-05-29,5332411738.226031,,,,沿用上一版：当前数据待补齐,5332411738.226031,3.234750462107209,True,2026-02-05,,未知,所属行业批量超时,,,,,,,,,,
605337,李子园,9.93,9.92,9.93,9.72,9.6,10.08,9.6,5177673.0,51369656.0,2.16,0.21,9.93,11.576166666666666,-14.22030896813855,True,2026-05-29,21.09319740500463,2.3191473586654308,20.921155347384857,3.9812646370023423,True,2026-05-29,3873716106.806302,,,,沿用上一版：当前数据待补齐,3873716106.806302,7.452165156092648,True,2025-10-17,,未知,所属行业批量超时,,,,,,,,,,
605338,巴比食品,21.31,21.31,21.32,20.11,20.03,21.51,20.03,4052070.0,85480834.0,5.967,1.2,21.31,26.99125,-21.048487935905147,True,2026-05-29,18.032962641181584,2.138405734144224,21.611721611721613,26.73992673992674,True,2026-05-29,5105165566.997827,,,,沿用上一版：当前数据待补齐,5105165566.997827,5.631159080244017,True,2026-05-19,,未知,所属行业批量超时,,,,,,,,,,
605378,野马电池,16.61,16.6,16.61,17.15,17.18,17.22,16.52,2393960.0,40066973.0,-3.149,-0.54,16.61,21.131000000000004,-21.39510671525249,True,2026-05-29,111.51960552268238,3.489082840236687,98.47020933977456,67.7133655394525,False,2026-05-29,4340963704.0,,,,沿用上一版：当前数据待补齐,4340963704.0,3.0102347983142685,True,2025-06-04,,未知,所属行业批量超时,,,,,,,,,,
605499,东鹏饮料,142.44,142.44,142.49,141.01,140.25,146.5,137.55,8981008.0,1276164295.0,1.014,1.43,142.44,232.52941666666663,-38.7432342789604,True,2026-05-29,17.144368436843695,3.93173717371737,0.4125412541254125,0.4125412541254125,True,2026-05-29,80445653627.99995,,,,沿用上一版：当前数据待补齐,80445653627.99995,3.5102499297950014,True,2026-05-18,,未知,所属行业批量超时,,,,,,,,,,
605507,DR国邦医,15.31,15.3,15.31,15.13,15.15,15.39,14.9,4447614.0,67686802.0,1.19,0.18,15.31,25.106583333333333,-39.01997815977881,True,2026-05-29,11.165194300518138,0.9849697754749572,0.1721170395869191,0.0860585197934595,True,2026-05-29,8555587784.999997,,,,沿用上一版：当前数据待补齐,8555587784.999997,7.876094056172437,True,2026-05-29,,未知,所属行业批量超时,,,,,,,,,,
605599,菜百股份,16.01,16.0,16.02,15.85,15.93,16.2,15.84,5690296.0,91118553.0,1.009,0.16,16.01,20.12133333333333,-20.43270823669736,True,2026-05-29,10.278660235798494,2.4624169346195104,0.2636203866432337,33.391915641476274,True,2026-05-29,12452222578.000002,,,,沿用上一版：当前数据待补齐,12452222578.000002,4.497189256714553,True,2025-06-16,,未知,所属行业批量超时,,,,,,,,,,
688013,天臣医疗,29.03,29.03,29.04,29.91,29.76,30.09,29.03,1023539.0,30019049.0,-2.942,-0.88,29.03,41.85108333333333,-30.635009448182338,True,2026-05-29,28.843494413407807,4.086905027932964,14.609203798392986,65.44923301680059,True,2026-05-29,2355947068.0000005,,,,沿用上一版：当前数据待补齐,2355947068.0000005,3.4447123665173955,True,2025-10-16,,未知,所属行业批量超时,,,,,,,,,,
688032,禾迈股份,96.07,95.93,96.07,100.33,100.32,100.63,94.96,1668288.0,161218294.0,-4.246,-4.26,96.07,108.95366666666663,-11.824904164155392,True,2026-05-29,301.8371075861739,2.103662646480198,92.89940828402366,10.849056603773583,True,2026-05-29,11919745468.191088,,,,沿用上一版：当前数据待补齐,11919745468.191088,3.330904548766525,True,2025-06-19,,未知,所属行业批量超时,,,,,,,,,,
688208,道通科技,30.31,30.3,30.31,34.3,34.5,34.8,30.06,35850345.0,1129087114.0,-11.633,-3.99,30.31,35.10675,-13.663326853098043,True,2026-05-29,21.81965497076024,5.273230994152047,0.1984126984126984,38.35978835978836,True,2026-05-29,20313269705.3345,,,,沿用上一版：当前数据待补齐,20313269705.3345,3.563180468492247,True,2026-05-15,,未知,所属行业批量超时,,,,,,,,,,
688289,圣湘生物,16.39,16.39,16.4,16.2,16.6,16.61,16.2,4250977.0,69449860.0,1.173,0.19,16.39,18.825666666666667,-12.93801016342936,True,2026-05-29,60.50370309050773,1.3296523178807946,99.63741841914432,2.4655547498187094,True,2026-05-29,9496169418.593266,,,,沿用上一版：当前数据待补齐,9496169418.593266,3.2763880414887128,True,2025-09-23,,未知,所属行业批量超时,,,,,,,,,,
688399,硕世生物,55.33,55.32,55.33,55.99,56.64,56.64,54.1,1151944.0,63718122.0,-1.179,-0.66,55.33,64.667,-14.438585368116662,True,2026-05-28,117.80572844291171,1.5714825218476909,95.71984435797664,41.7948717948718,False,2026-05-28,4640622323.206305,,,,沿用上一版：当前数据待补齐,4640622323.206305,6.144948490872944,True,2025-09-11,,未知,所属行业批量超时,,,,,,,,,,
688543,国科军工,45.57,45.56,45.57,44.99,45.01,45.89,44.26,4482700.0,202252322.0,1.289,0.58,45.57,64.70491666666666,-29.57258528782588,True,2026-05-28,40.04551813868054,3.892248584111434,3.9942938659058487,51.06990014265336,True,2026-05-28,9516931215.792591,,,,沿用上一版：当前数据待补齐,9516931215.792591,3.949967083607637,True,2026-05-22,,未知,所属行业批量超时,,,,,,,,,,
688606,奥泰生物,48.16,48.16,48.28,48.61,48.45,48.88,47.8,455306.0,21930454.0,-0.926,-0.45,48.16,63.02258333333334,-23.58294844044001,True,2026-05-27,21.40915492957745,0.9835492957746482,77.79735682819383,0.9592326139088728,True,2026-05-27,3818165976.8,,,,沿用上一版：当前数据待补齐,3818165976.8,5.191029900332227,True,2025-10-16,,未知,所属行业批量超时,,,,,,,,,,
688739,成大生物,21.45,21.45,21.46,21.89,21.89,22.03,21.28,2322274.0,49993125.0,-2.01,-0.44,21.45,25.263916666666667,-15.096300059043363,True,2026-05-27,154.91065573770493,0.9557377049180326,98.82352941176472,0.090497737556561,True,2026-05-27,8932852500.0,,,,沿用上一版：当前数据待补齐,8932852500.0,3.7296037296037294,True,2025-06-10,,未知,所属行业批量超时,,,,,,,,,,
